index: 1,
layout: [ "111111", "110011", "111110", "121111", "110110" ],
path: [ [ 3, 1 ], [ 4, 1 ], [ 4, 0 ], [ 3, 0 ], [ 2, 0 ], [ 2, 1 ], [ 1, 1 ], [ 1, 0 ], [ 0, 0 ], [ 0, 1 ], [ 0, 2 ], [ 0, 3 ], [ 0, 4 ], [ 0, 5 ], [ 1, 5 ], [ 1, 4 ], [ 2, 4 ], [ 2, 3 ], [ 2, 2 ], [ 3, 2 ], [ 3, 3 ], [ 4, 3 ], [ 4, 4 ], [ 3, 4 ], [ 3, 5 ] ]
}, {
index: 2,
layout: [ "001110", "111111", "111111", "111111", "010112" ],
path: [ [ 4, 5 ], [ 3, 5 ], [ 2, 5 ], [ 1, 5 ], [ 1, 4 ], [ 0, 4 ], [ 0, 3 ], [ 0, 2 ], [ 1, 2 ], [ 1, 3 ], [ 2, 3 ], [ 2, 4 ], [ 3, 4 ], [ 4, 4 ], [ 4, 3 ], [ 3, 3 ], [ 3, 2 ], [ 2, 2 ], [ 2, 1 ], [ 1, 1 ], [ 1, 0 ], [ 2, 0 ], [ 3, 0 ], [ 3, 1 ], [ 4, 1 ] ]
}, {
index: 3,
layout: [ "112100", "111111", "111010", "111111", "011111" ],
path: [ [ 0, 2 ], [ 0, 3 ], [ 1, 3 ], [ 1, 2 ], [ 2, 2 ], [ 2, 1 ], [ 1, 1 ], [ 0, 1 ], [ 0, 0 ], [ 1, 0 ], [ 2, 0 ], [ 3, 0 ], [ 3, 1 ], [ 4, 1 ], [ 4, 2 ], [ 3, 2 ], [ 3, 3 ], [ 4, 3 ], [ 4, 4 ], [ 4, 5 ], [ 3, 5 ], [ 3, 4 ], [ 2, 4 ], [ 1, 4 ], [ 1, 5 ] ]
}, {
index: 4,
layout: [ "000111", "111011", "101111", "111111", "111211" ],
path: [ [ 4, 3 ], [ 4, 2 ], [ 3, 2 ], [ 3, 1 ], [ 4, 1 ], [ 4, 0 ], [ 3, 0 ], [ 2, 0 ], [ 1, 0 ], [ 1, 1 ], [ 1, 2 ], [ 2, 2 ], [ 2, 3 ], [ 3, 3 ], [ 3, 4 ], [ 4, 4 ], [ 4, 5 ], [ 3, 5 ], [ 2, 5 ], [ 2, 4 ], [ 1, 4 ], [ 1, 5 ], [ 0, 5 ], [ 0, 4 ], [ 0, 3 ] ]
}, {
index: 5,
layout: [ "010111", "111121", "111111", "111111", "001110" ],
path: [ [ 1, 4 ], [ 2, 4 ], [ 2, 3 ], [ 3, 3 ], [ 3, 2 ], [ 4, 2 ], [ 4, 3 ], [ 4, 4 ], [ 3, 4 ], [ 3, 5 ], [ 2, 5 ], [ 1, 5 ], [ 0, 5 ], [ 0, 4 ], [ 0, 3 ], [ 1, 3 ], [ 1, 2 ], [ 2, 2 ], [ 2, 1 ], [ 3, 1 ], [ 3, 0 ], [ 2, 0 ], [ 1, 0 ], [ 1, 1 ], [ 0, 1 ] ]
}, {
index: 6,
layout: [ "001011", "111111", "110111", "111111", "112110" ],
path: [ [ 4, 2 ], [ 4, 1 ], [ 4, 0 ], [ 3, 0 ], [ 2, 0 ], [ 1, 0 ], [ 1, 1 ], [ 2, 1 ], [ 3, 1 ], [ 3, 2 ], [ 3, 3 ], [ 4, 3 ], [ 4, 4 ], [ 3, 4 ], [ 3, 5 ], [ 2, 5 ], [ 1, 5 ], [ 0, 5 ], [ 0, 4 ], [ 1, 4 ], [ 2, 4 ], [ 2, 3 ], [ 1, 3 ], [ 1, 2 ], [ 0, 2 ] ]
}, {
index: 7,
layout: [ "001111", "111111", "111011", "101111", "101121" ],
path: [ [ 4, 4 ], [ 4, 5 ], [ 3, 5 ], [ 2, 5 ], [ 1, 5 ], [ 0, 5 ], [ 0, 4 ], [ 0, 3 ], [ 0, 2 ], [ 1, 2 ], [ 1, 3 ], [ 1, 4 ], [ 2, 4 ], [ 3, 4 ], [ 3, 3 ], [ 4, 3 ], [ 4, 2 ], [ 3, 2 ], [ 2, 2 ], [ 2, 1 ], [ 1, 1 ], [ 1, 0 ], [ 2, 0 ], [ 3, 0 ], [ 4, 0 ] ]
}, {
index: 8,
layout: [ "110112", "111111", "101110", "111111", "010111" ],
path: [ [ 0, 5 ], [ 1, 5 ], [ 1, 4 ], [ 0, 4 ], [ 0, 3 ], [ 1, 3 ], [ 2, 3 ], [ 2, 4 ], [ 3, 4 ], [ 3, 5 ], [ 4, 5 ], [ 4, 4 ], [ 4, 3 ], [ 3, 3 ], [ 3, 2 ], [ 2, 2 ], [ 1, 2 ], [ 1, 1 ], [ 0, 1 ], [ 0, 0 ], [ 1, 0 ], [ 2, 0 ], [ 3, 0 ], [ 3, 1 ], [ 4, 1 ] ]
}, {
index: 9,
layout: [ "110100", "111111", "111111", "112101", "011111" ],
path: [ [ 3, 2 ], [ 3, 3 ], [ 2, 3 ], [ 2, 4 ], [ 1, 4 ], [ 1, 5 ], [ 2, 5 ], [ 3, 5 ], [ 4, 5 ], [ 4, 4 ], [ 4, 3 ], [ 4, 2 ], [ 4, 1 ], [ 3, 1 ], [ 3, 0 ], [ 2, 0 ], [ 1, 0 ], [ 0, 0 ], [ 0, 1 ], [ 1, 1 ], [ 2, 1 ], [ 2, 2 ], [ 1, 2 ], [ 1, 3 ], [ 0, 3 ] ]
}, {
index: 10,
layout: [ "111110", "111111", "011111", "111120", "011110" ],
path: [ [ 3, 4 ], [ 4, 4 ], [ 4, 3 ], [ 3, 3 ], [ 2, 3 ], [ 2, 4 ], [ 2, 5 ], [ 1, 5 ], [ 1, 4 ], [ 0, 4 ], [ 0, 3 ], [ 1, 3 ], [ 1, 2 ], [ 0, 2 ], [ 0, 1 ], [ 0, 0 ], [ 1, 0 ], [ 1, 1 ], [ 2, 1 ], [ 2, 2 ], [ 3, 2 ], [ 4, 2 ], [ 4, 1 ], [ 3, 1 ], [ 3, 0 ] ]
}, {
index: 11,
layout: [ "201111", "111101", "111100", "111111", "011111" ],
path: [ [ 0, 0 ], [ 1, 0 ], [ 1, 1 ], [ 2, 1 ], [ 2, 0 ], [ 3, 0 ], [ 3, 1 ], [ 4, 1 ], [ 4, 2 ], [ 4, 3 ], [ 4, 4 ], [ 4, 5 ], [ 3, 5 ], [ 3, 4 ], [ 3, 3 ], [ 3, 2 ], [ 2, 2 ], [ 2, 3 ], [ 1, 3 ], [ 1, 2 ], [ 0, 2 ], [ 0, 3 ], [ 0, 4 ], [ 0, 5 ], [ 1, 5 ] ]
}, {
index: 12,
layout: [ "011111", "011211", "110110", "111101", "111111" ],
path: [ [ 1, 3 ], [ 1, 2 ], [ 1, 1 ], [ 0, 1 ], [ 0, 2 ], [ 0, 3 ], [ 0, 4 ], [ 0, 5 ], [ 1, 5 ], [ 1, 4 ], [ 2, 4 ], [ 2, 3 ], [ 3, 3 ], [ 3, 2 ], [ 3, 1 ], [ 2, 1 ], [ 2, 0 ], [ 3, 0 ], [ 4, 0 ], [ 4, 1 ], [ 4, 2 ], [ 4, 3 ], [ 4, 4 ], [ 4, 5 ], [ 3, 5 ] ]
}, {
index: 13,
layout: [ "111011", "011111", "112101", "111101", "110111" ],
path: [ [ 2, 2 ], [ 2, 3 ], [ 1, 3 ], [ 1, 4 ], [ 0, 4 ], [ 0, 5 ], [ 1, 5 ], [ 2, 5 ], [ 3, 5 ], [ 4, 5 ], [ 4, 4 ], [ 4, 3 ], [ 3, 3 ], [ 3, 2 ], [ 3, 1 ], [ 4, 1 ], [ 4, 0 ], [ 3, 0 ], [ 2, 0 ], [ 2, 1 ], [ 1, 1 ], [ 1, 2 ], [ 0, 2 ], [ 0, 1 ], [ 0, 0 ] ]
}, {
index: 14,
layout: [ "111111", "111011", "101112", "101111", "110110" ],
path: [ [ 2, 5 ], [ 3, 5 ], [ 3, 4 ], [ 4, 4 ], [ 4, 3 ], [ 3, 3 ], [ 3, 2 ], [ 2, 2 ], [ 2, 3 ], [ 2, 4 ], [ 1, 4 ], [ 1, 5 ], [ 0, 5 ], [ 0, 4 ], [ 0, 3 ], [ 0, 2 ], [ 1, 2 ], [ 1, 1 ], [ 0, 1 ], [ 0, 0 ], [ 1, 0 ], [ 2, 0 ], [ 3, 0 ], [ 4, 0 ], [ 4, 1 ] ]
}, {
index: 15,
layout: [ "111011", "110111", "111101", "111001", "211111" ],
path: [ [ 4, 0 ], [ 4, 1 ], [ 4, 2 ], [ 4, 3 ], [ 4, 4 ], [ 4, 5 ], [ 3, 5 ], [ 2, 5 ], [ 1, 5 ], [ 0, 5 ], [ 0, 4 ], [ 1, 4 ], [ 1, 3 ], [ 2, 3 ], [ 2, 2 ], [ 3, 2 ], [ 3, 1 ], [ 3, 0 ], [ 2, 0 ], [ 2, 1 ], [ 1, 1 ], [ 1, 0 ], [ 0, 0 ], [ 0, 1 ], [ 0, 2 ] ]
}, {
index: 16,
layout: [ "110010", "111110", "211011", "111111", "111111" ],
path: [ [ 2, 0 ], [ 1, 0 ], [ 0, 0 ], [ 0, 1 ], [ 1, 1 ], [ 2, 1 ], [ 3, 1 ], [ 3, 0 ], [ 4, 0 ], [ 4, 1 ], [ 4, 2 ], [ 4, 3 ], [ 4, 4 ], [ 4, 5 ], [ 3, 5 ], [ 2, 5 ], [ 2, 4 ], [ 3, 4 ], [ 3, 3 ], [ 3, 2 ], [ 2, 2 ], [ 1, 2 ], [ 1, 3 ], [ 1, 4 ], [ 0, 4 ] ]
}, {
index: 17,
layout: [ "111211", "111111", "101111", "111110", "110100" ],
path: [ [ 0, 3 ], [ 0, 2 ], [ 1, 2 ], [ 1, 1 ], [ 0, 1 ], [ 0, 0 ], [ 1, 0 ], [ 2, 0 ], [ 3, 0 ], [ 4, 0 ], [ 4, 1 ], [ 3, 1 ], [ 3, 2 ], [ 2, 2 ], [ 2, 3 ], [ 1, 3 ], [ 1, 4 ], [ 0, 4 ], [ 0, 5 ], [ 1, 5 ], [ 2, 5 ], [ 2, 4 ], [ 3, 4 ], [ 3, 3 ], [ 4, 3 ] ]
}, {
index: 18,
layout: [ "111011", "121111", "110101", "011111", "111110" ],
path: [ [ 1, 1 ], [ 1, 2 ], [ 0, 2 ], [ 0, 1 ], [ 0, 0 ], [ 1, 0 ], [ 2, 0 ], [ 2, 1 ], [ 3, 1 ], [ 3, 2 ], [ 3, 3 ], [ 2, 3 ], [ 1, 3 ], [ 1, 4 ], [ 0, 4 ], [ 0, 5 ], [ 1, 5 ], [ 2, 5 ], [ 3, 5 ], [ 3, 4 ], [ 4, 4 ], [ 4, 3 ], [ 4, 2 ], [ 4, 1 ], [ 4, 0 ] ]
}, {
index: 19,
layout: [ "011111", "011111", "111101", "111201", "101111" ],
path: [ [ 3, 3 ], [ 2, 3 ], [ 2, 2 ], [ 1, 2 ], [ 1, 1 ], [ 0, 1 ], [ 0, 2 ], [ 0, 3 ], [ 1, 3 ], [ 1, 4 ], [ 0, 4 ], [ 0, 5 ], [ 1, 5 ], [ 2, 5 ], [ 3, 5 ], [ 4, 5 ], [ 4, 4 ], [ 4, 3 ], [ 4, 2 ], [ 3, 2 ], [ 3, 1 ], [ 2, 1 ], [ 2, 0 ], [ 3, 0 ], [ 4, 0 ] ]
}, {
index: 20,
layout: [ "011100", "011111", "101111", "111112", "111111" ],
path: [ [ 3, 5 ], [ 4, 5 ], [ 4, 4 ], [ 3, 4 ], [ 2, 4 ], [ 2, 5 ], [ 1, 5 ], [ 1, 4 ], [ 1, 3 ], [ 0, 3 ], [ 0, 2 ], [ 0, 1 ], [ 1, 1 ], [ 1, 2 ], [ 2, 2 ], [ 2, 3 ], [ 3, 3 ], [ 4, 3 ], [ 4, 2 ], [ 3, 2 ], [ 3, 1 ], [ 4, 1 ], [ 4, 0 ], [ 3, 0 ], [ 2, 0 ] ]
}, {
index: 21,
layout: [ "111111", "110111", "011110", "121111", "111100" ],
path: [ [ 3, 1 ], [ 3, 0 ], [ 4, 0 ], [ 4, 1 ], [ 4, 2 ], [ 4, 3 ], [ 3, 3 ], [ 3, 2 ], [ 2, 2 ], [ 2, 1 ], [ 1, 1 ], [ 1, 0 ], [ 0, 0 ], [ 0, 1 ], [ 0, 2 ], [ 0, 3 ], [ 0, 4 ], [ 0, 5 ], [ 1, 5 ], [ 1, 4 ], [ 1, 3 ], [ 2, 3 ], [ 2, 4 ], [ 3, 4 ], [ 3, 5 ] ]
}, {
index: 22,
layout: [ "110111", "101111", "101111", "111111", "110012" ],
path: [ [ 4, 5 ], [ 4, 4 ], [ 3, 4 ], [ 3, 5 ], [ 2, 5 ], [ 2, 4 ], [ 1, 4 ], [ 1, 5 ], [ 0, 5 ], [ 0, 4 ], [ 0, 3 ], [ 1, 3 ], [ 1, 2 ], [ 2, 2 ], [ 2, 3 ], [ 3, 3 ], [ 3, 2 ], [ 3, 1 ], [ 4, 1 ], [ 4, 0 ], [ 3, 0 ], [ 2, 0 ], [ 1, 0 ], [ 0, 0 ], [ 0, 1 ] ]
}, {
index: 23,
layout: [ "112100", "011111", "111011", "111111", "110111" ],
path: [ [ 0, 2 ], [ 0, 3 ], [ 1, 3 ], [ 1, 4 ], [ 1, 5 ], [ 2, 5 ], [ 2, 4 ], [ 3, 4 ], [ 3, 5 ], [ 4, 5 ], [ 4, 4 ], [ 4, 3 ], [ 3, 3 ], [ 3, 2 ], [ 3, 1 ], [ 4, 1 ], [ 4, 0 ], [ 3, 0 ], [ 2, 0 ], [ 2, 1 ], [ 2, 2 ], [ 1, 2 ], [ 1, 1 ], [ 0, 1 ], [ 0, 0 ] ]
}, {
index: 24,
layout: [ "111100", "110111", "110111", "111110", "111211" ],
path: [ [ 4, 3 ], [ 4, 2 ], [ 3, 2 ], [ 3, 1 ], [ 4, 1 ], [ 4, 0 ], [ 3, 0 ], [ 2, 0 ], [ 2, 1 ], [ 1, 1 ], [ 1, 0 ], [ 0, 0 ], [ 0, 1 ], [ 0, 2 ], [ 0, 3 ], [ 1, 3 ], [ 1, 4 ], [ 1, 5 ], [ 2, 5 ], [ 2, 4 ], [ 2, 3 ], [ 3, 3 ], [ 3, 4 ], [ 4, 4 ], [ 4, 5 ] ]
}, {
index: 25,
layout: [ "111111", "110121", "011101", "110111", "011111" ],
path: [ [ 1, 4 ], [ 1, 3 ], [ 2, 3 ], [ 2, 2 ], [ 2, 1 ], [ 1, 1 ], [ 1, 0 ], [ 0, 0 ], [ 0, 1 ], [ 0, 2 ], [ 0, 3 ], [ 0, 4 ], [ 0, 5 ], [ 1, 5 ], [ 2, 5 ], [ 3, 5 ], [ 4, 5 ], [ 4, 4 ], [ 3, 4 ], [ 3, 3 ], [ 4, 3 ], [ 4, 2 ], [ 4, 1 ], [ 3, 1 ], [ 3, 0 ] ]
}, {
index: 26,
layout: [ "111110", "000110", "111111", "111111", "112111" ],
path: [ [ 4, 2 ], [ 4, 3 ], [ 4, 4 ], [ 4, 5 ], [ 3, 5 ], [ 2, 5 ], [ 2, 4 ], [ 3, 4 ], [ 3, 3 ], [ 3, 2 ], [ 3, 1 ], [ 4, 1 ], [ 4, 0 ], [ 3, 0 ], [ 2, 0 ], [ 2, 1 ], [ 2, 2 ], [ 2, 3 ], [ 1, 3 ], [ 1, 4 ], [ 0, 4 ], [ 0, 3 ], [ 0, 2 ], [ 0, 1 ], [ 0, 0 ] ]
}, {
index: 27,
layout: [ "110111", "111101", "111111", "001111", "111120" ],
path: [ [ 4, 4 ], [ 4, 3 ], [ 3, 3 ], [ 2, 3 ], [ 2, 4 ], [ 3, 4 ], [ 3, 5 ], [ 2, 5 ], [ 1, 5 ], [ 0, 5 ], [ 0, 4 ], [ 0, 3 ], [ 1, 3 ], [ 1, 2 ], [ 1, 1 ], [ 0, 1 ], [ 0, 0 ], [ 1, 0 ], [ 2, 0 ], [ 2, 1 ], [ 2, 2 ], [ 3, 2 ], [ 4, 2 ], [ 4, 1 ], [ 4, 0 ] ]
}, {
index: 28,
layout: [ "001112", "111111", "111110", "101111", "110111" ],
path: [ [ 0, 5 ], [ 1, 5 ], [ 1, 4 ], [ 0, 4 ], [ 0, 3 ], [ 0, 2 ], [ 1, 2 ], [ 1, 3 ], [ 2, 3 ], [ 2, 4 ], [ 3, 4 ], [ 3, 5 ], [ 4, 5 ], [ 4, 4 ], [ 4, 3 ], [ 3, 3 ], [ 3, 2 ], [ 2, 2 ], [ 2, 1 ], [ 1, 1 ], [ 1, 0 ], [ 2, 0 ], [ 3, 0 ], [ 4, 0 ], [ 4, 1 ] ]
}, {
index: 29,
layout: [ "011011", "001111", "111101", "112111", "111111" ],
path: [ [ 3, 2 ], [ 3, 1 ], [ 2, 1 ], [ 2, 0 ], [ 3, 0 ], [ 4, 0 ], [ 4, 1 ], [ 4, 2 ], [ 4, 3 ], [ 3, 3 ], [ 3, 4 ], [ 4, 4 ], [ 4, 5 ], [ 3, 5 ], [ 2, 5 ], [ 1, 5 ], [ 0, 5 ], [ 0, 4 ], [ 1, 4 ], [ 1, 3 ], [ 2, 3 ], [ 2, 2 ], [ 1, 2 ], [ 0, 2 ], [ 0, 1 ] ]
}, {
index: 30,
layout: [ "111011", "111111", "111111", "111120", "010110" ],
path: [ [ 3, 4 ], [ 4, 4 ], [ 4, 3 ], [ 3, 3 ], [ 3, 2 ], [ 2, 2 ], [ 2, 3 ], [ 2, 4 ], [ 2, 5 ], [ 1, 5 ], [ 0, 5 ], [ 0, 4 ], [ 1, 4 ], [ 1, 3 ], [ 1, 2 ], [ 0, 2 ], [ 0, 1 ], [ 0, 0 ], [ 1, 0 ], [ 1, 1 ], [ 2, 1 ], [ 2, 0 ], [ 3, 0 ], [ 3, 1 ], [ 4, 1 ] ]
}, {
index: 31,
layout: [ "200111", "101111", "111111", "011101", "111111" ],
path: [ [ 0, 0 ], [ 1, 0 ], [ 2, 0 ], [ 2, 1 ], [ 3, 1 ], [ 3, 2 ], [ 3, 3 ], [ 2, 3 ], [ 2, 2 ], [ 1, 2 ], [ 1, 3 ], [ 0, 3 ], [ 0, 4 ], [ 0, 5 ], [ 1, 5 ], [ 1, 4 ], [ 2, 4 ], [ 2, 5 ], [ 3, 5 ], [ 4, 5 ], [ 4, 4 ], [ 4, 3 ], [ 4, 2 ], [ 4, 1 ], [ 4, 0 ] ]
}, {
index: 32,
layout: [ "011110", "011211", "111101", "111111", "101111" ],
path: [ [ 1, 3 ], [ 2, 3 ], [ 2, 2 ], [ 1, 2 ], [ 1, 1 ], [ 0, 1 ], [ 0, 2 ], [ 0, 3 ], [ 0, 4 ], [ 1, 4 ], [ 1, 5 ], [ 2, 5 ], [ 3, 5 ], [ 4, 5 ], [ 4, 4 ], [ 3, 4 ], [ 3, 3 ], [ 4, 3 ], [ 4, 2 ], [ 3, 2 ], [ 3, 1 ], [ 2, 1 ], [ 2, 0 ], [ 3, 0 ], [ 4, 0 ] ]
}, {
index: 33,
layout: [ "001111", "111111", "112101", "110111", "111011" ],
path: [ [ 2, 2 ], [ 2, 3 ], [ 3, 3 ], [ 3, 4 ], [ 4, 4 ], [ 4, 5 ], [ 3, 5 ], [ 2, 5 ], [ 1, 5 ], [ 0, 5 ], [ 0, 4 ], [ 1, 4 ], [ 1, 3 ], [ 0, 3 ], [ 0, 2 ], [ 1, 2 ], [ 1, 1 ], [ 1, 0 ], [ 2, 0 ], [ 2, 1 ], [ 3, 1 ], [ 3, 0 ], [ 4, 0 ], [ 4, 1 ], [ 4, 2 ] ]
}, {
index: 34,
layout: [ "011110", "111111", "011112", "011111", "011111" ],
path: [ [ 2, 5 ], [ 1, 5 ], [ 1, 4 ], [ 0, 4 ], [ 0, 3 ], [ 1, 3 ], [ 2, 3 ], [ 2, 4 ], [ 3, 4 ], [ 3, 5 ], [ 4, 5 ], [ 4, 4 ], [ 4, 3 ], [ 3, 3 ], [ 3, 2 ], [ 4, 2 ], [ 4, 1 ], [ 3, 1 ], [ 2, 1 ], [ 2, 2 ], [ 1, 2 ], [ 0, 2 ], [ 0, 1 ], [ 1, 1 ], [ 1, 0 ] ]
}, {
index: 35,
layout: [ "111111", "110111", "011100", "111101", "211111" ],
path: [ [ 4, 0 ], [ 3, 0 ], [ 3, 1 ], [ 4, 1 ], [ 4, 2 ], [ 3, 2 ], [ 2, 2 ], [ 2, 1 ], [ 1, 1 ], [ 1, 0 ], [ 0, 0 ], [ 0, 1 ], [ 0, 2 ], [ 0, 3 ], [ 0, 4 ], [ 0, 5 ], [ 1, 5 ], [ 1, 4 ], [ 1, 3 ], [ 2, 3 ], [ 3, 3 ], [ 4, 3 ], [ 4, 4 ], [ 4, 5 ], [ 3, 5 ] ]
}, {
index: 36,
layout: [ "111100", "111111", "210011", "011111", "111111" ],
path: [ [ 2, 0 ], [ 1, 0 ], [ 0, 0 ], [ 0, 1 ], [ 0, 2 ], [ 0, 3 ], [ 1, 3 ], [ 1, 2 ], [ 1, 1 ], [ 2, 1 ], [ 3, 1 ], [ 3, 2 ], [ 3, 3 ], [ 3, 4 ], [ 2, 4 ], [ 1, 4 ], [ 1, 5 ], [ 2, 5 ], [ 3, 5 ], [ 4, 5 ], [ 4, 4 ], [ 4, 3 ], [ 4, 2 ], [ 4, 1 ], [ 4, 0 ] ]
}, {
index: 37,
layout: [ "111211", "101111", "111011", "111111", "110100" ],
path: [ [ 0, 3 ], [ 0, 4 ], [ 0, 5 ], [ 1, 5 ], [ 2, 5 ], [ 3, 5 ], [ 3, 4 ], [ 2, 4 ], [ 1, 4 ], [ 1, 3 ], [ 1, 2 ], [ 0, 2 ], [ 0, 1 ], [ 0, 0 ], [ 1, 0 ], [ 2, 0 ], [ 3, 0 ], [ 4, 0 ], [ 4, 1 ], [ 3, 1 ], [ 2, 1 ], [ 2, 2 ], [ 3, 2 ], [ 3, 3 ], [ 4, 3 ] ]
}, {
index: 38,
layout: [ "101111", "121101", "110111", "111110", "111110" ],
path: [ [ 1, 1 ], [ 2, 1 ], [ 3, 1 ], [ 3, 2 ], [ 3, 3 ], [ 2, 3 ], [ 1, 3 ], [ 1, 2 ], [ 0, 2 ], [ 0, 3 ], [ 0, 4 ], [ 0, 5 ], [ 1, 5 ], [ 2, 5 ], [ 2, 4 ], [ 3, 4 ], [ 4, 4 ], [ 4, 3 ], [ 4, 2 ], [ 4, 1 ], [ 4, 0 ], [ 3, 0 ], [ 2, 0 ], [ 1, 0 ], [ 0, 0 ] ]
}, {
index: 39,
layout: [ "011111", "111101", "111111", "111211", "001011" ],
path: [ [ 3, 3 ], [ 2, 3 ], [ 2, 4 ], [ 3, 4 ], [ 4, 4 ], [ 4, 5 ], [ 3, 5 ], [ 2, 5 ], [ 1, 5 ], [ 0, 5 ], [ 0, 4 ], [ 0, 3 ], [ 1, 3 ], [ 1, 2 ], [ 0, 2 ], [ 0, 1 ], [ 1, 1 ], [ 1, 0 ], [ 2, 0 ], [ 3, 0 ], [ 3, 1 ], [ 2, 1 ], [ 2, 2 ], [ 3, 2 ], [ 4, 2 ] ]
}, {
index: 40,
layout: [ "110111", "010101", "111111", "111112", "110111" ],
path: [ [ 3, 5 ], [ 4, 5 ], [ 4, 4 ], [ 4, 3 ], [ 3, 3 ], [ 3, 4 ], [ 2, 4 ], [ 2, 5 ], [ 1, 5 ], [ 0, 5 ], [ 0, 4 ], [ 0, 3 ], [ 1, 3 ], [ 2, 3 ], [ 2, 2 ], [ 3, 2 ], [ 3, 1 ], [ 4, 1 ], [ 4, 0 ], [ 3, 0 ], [ 2, 0 ], [ 2, 1 ], [ 1, 1 ], [ 0, 1 ], [ 0, 0 ] ]
}, {
index: 41,
layout: [ "111111", "111111", "011110", "021111", "011110" ],
path: [ [ 3, 1 ], [ 4, 1 ], [ 4, 2 ], [ 3, 2 ], [ 2, 2 ], [ 2, 1 ], [ 1, 1 ], [ 1, 0 ], [ 0, 0 ], [ 0, 1 ], [ 0, 2 ], [ 1, 2 ], [ 1, 3 ], [ 0, 3 ], [ 0, 4 ], [ 0, 5 ], [ 1, 5 ], [ 1, 4 ], [ 2, 4 ], [ 2, 3 ], [ 3, 3 ], [ 4, 3 ], [ 4, 4 ], [ 3, 4 ], [ 3, 5 ] ]
}, {
index: 42,
layout: [ "110011", "110111", "111111", "111111", "110102" ],
path: [ [ 4, 5 ], [ 3, 5 ], [ 3, 4 ], [ 2, 4 ], [ 2, 5 ], [ 1, 5 ], [ 0, 5 ], [ 0, 4 ], [ 1, 4 ], [ 1, 3 ], [ 2, 3 ], [ 2, 2 ], [ 2, 1 ], [ 1, 1 ], [ 0, 1 ], [ 0, 0 ], [ 1, 0 ], [ 2, 0 ], [ 3, 0 ], [ 4, 0 ], [ 4, 1 ], [ 3, 1 ], [ 3, 2 ], [ 3, 3 ], [ 4, 3 ] ]
}, {
index: 43,
layout: [ "112110", "111111", "011101", "110111", "111011" ],
path: [ [ 0, 2 ], [ 0, 1 ], [ 0, 0 ], [ 1, 0 ], [ 1, 1 ], [ 1, 2 ], [ 1, 3 ], [ 0, 3 ], [ 0, 4 ], [ 1, 4 ], [ 1, 5 ], [ 2, 5 ], [ 3, 5 ], [ 4, 5 ], [ 4, 4 ], [ 3, 4 ], [ 3, 3 ], [ 2, 3 ], [ 2, 2 ], [ 2, 1 ], [ 3, 1 ], [ 3, 0 ], [ 4, 0 ], [ 4, 1 ], [ 4, 2 ] ]
}, {
index: 44,
layout: [ "111111", "111101", "110111", "012110", "011111" ],
path: [ [ 3, 2 ], [ 3, 1 ], [ 4, 1 ], [ 4, 2 ], [ 4, 3 ], [ 3, 3 ], [ 2, 3 ], [ 1, 3 ], [ 1, 2 ], [ 1, 1 ], [ 2, 1 ], [ 2, 0 ], [ 1, 0 ], [ 0, 0 ], [ 0, 1 ], [ 0, 2 ], [ 0, 3 ], [ 0, 4 ], [ 0, 5 ], [ 1, 5 ], [ 2, 5 ], [ 2, 4 ], [ 3, 4 ], [ 4, 4 ], [ 4, 5 ] ]
}, {
index: 45,
layout: [ "111110", "101111", "100111", "111120", "111111" ],
path: [ [ 3, 4 ], [ 3, 3 ], [ 2, 3 ], [ 2, 4 ], [ 2, 5 ], [ 1, 5 ], [ 1, 4 ], [ 0, 4 ], [ 0, 3 ], [ 1, 3 ], [ 1, 2 ], [ 0, 2 ], [ 0, 1 ], [ 0, 0 ], [ 1, 0 ], [ 2, 0 ], [ 3, 0 ], [ 4, 0 ], [ 4, 1 ], [ 3, 1 ], [ 3, 2 ], [ 4, 2 ], [ 4, 3 ], [ 4, 4 ], [ 4, 5 ] ]
}, {
index: 46,
layout: [ "111111", "111201", "011011", "001111", "111111" ],
path: [ [ 1, 3 ], [ 1, 2 ], [ 2, 2 ], [ 2, 1 ], [ 1, 1 ], [ 1, 0 ], [ 0, 0 ], [ 0, 1 ], [ 0, 2 ], [ 0, 3 ], [ 0, 4 ], [ 0, 5 ], [ 1, 5 ], [ 2, 5 ], [ 2, 4 ], [ 3, 4 ], [ 3, 5 ], [ 4, 5 ], [ 4, 4 ], [ 4, 3 ], [ 3, 3 ], [ 3, 2 ], [ 4, 2 ], [ 4, 1 ], [ 4, 0 ] ]
}, {
index: 47,
layout: [ "110111", "101111", "111112", "111111", "001110" ],
path: [ [ 2, 5 ], [ 3, 5 ], [ 3, 4 ], [ 4, 4 ], [ 4, 3 ], [ 4, 2 ], [ 3, 2 ], [ 3, 3 ], [ 2, 3 ], [ 2, 4 ], [ 1, 4 ], [ 1, 5 ], [ 0, 5 ], [ 0, 4 ], [ 0, 3 ], [ 1, 3 ], [ 1, 2 ], [ 2, 2 ], [ 2, 1 ], [ 3, 1 ], [ 3, 0 ], [ 2, 0 ], [ 1, 0 ], [ 0, 0 ], [ 0, 1 ] ]
}, {
index: 48,
layout: [ "011111", "111111", "111011", "111100", "211110" ],
path: [ [ 4, 0 ], [ 3, 0 ], [ 2, 0 ], [ 1, 0 ], [ 1, 1 ], [ 0, 1 ], [ 0, 2 ], [ 0, 3 ], [ 0, 4 ], [ 0, 5 ], [ 1, 5 ], [ 2, 5 ], [ 2, 4 ], [ 1, 4 ], [ 1, 3 ], [ 1, 2 ], [ 2, 2 ], [ 2, 1 ], [ 3, 1 ], [ 4, 1 ], [ 4, 2 ], [ 3, 2 ], [ 3, 3 ], [ 4, 3 ], [ 4, 4 ] ]
}, {
index: 49,
layout: [ "001110", "111111", "211101", "111111", "101111" ],
path: [ [ 2, 0 ], [ 1, 0 ], [ 1, 1 ], [ 2, 1 ], [ 2, 2 ], [ 2, 3 ], [ 1, 3 ], [ 1, 2 ], [ 0, 2 ], [ 0, 3 ], [ 0, 4 ], [ 1, 4 ], [ 1, 5 ], [ 2, 5 ], [ 3, 5 ], [ 4, 5 ], [ 4, 4 ], [ 3, 4 ], [ 3, 3 ], [ 4, 3 ], [ 4, 2 ], [ 3, 2 ], [ 3, 1 ], [ 3, 0 ], [ 4, 0 ] ]
}, {
index: 50,
layout: [ "110111", "111111", "112111", "011111", "111000" ],
path: [ [ 2, 2 ], [ 2, 3 ], [ 3, 3 ], [ 3, 4 ], [ 3, 5 ], [ 2, 5 ], [ 2, 4 ], [ 1, 4 ], [ 1, 5 ], [ 0, 5 ], [ 0, 4 ], [ 0, 3 ], [ 1, 3 ], [ 1, 2 ], [ 1, 1 ], [ 0, 1 ], [ 0, 0 ], [ 1, 0 ], [ 2, 0 ], [ 2, 1 ], [ 3, 1 ], [ 3, 2 ], [ 4, 2 ], [ 4, 1 ], [ 4, 0 ] ]
}, {
index: 51,
layout: [ "110111", "111111", "211111", "011111", "111000" ],
path: [ [ 2, 0 ], [ 1, 0 ], [ 0, 0 ], [ 0, 1 ], [ 1, 1 ], [ 1, 2 ], [ 1, 3 ], [ 0, 3 ], [ 0, 4 ], [ 0, 5 ], [ 1, 5 ], [ 1, 4 ], [ 2, 4 ], [ 2, 5 ], [ 3, 5 ], [ 3, 4 ], [ 3, 3 ], [ 2, 3 ], [ 2, 2 ], [ 2, 1 ], [ 3, 1 ], [ 3, 2 ], [ 4, 2 ], [ 4, 1 ], [ 4, 0 ] ]
}, {
index: 52,
layout: [ "111011", "211111", "110101", "111001", "111111" ],
path: [ [ 1, 0 ], [ 0, 0 ], [ 0, 1 ], [ 0, 2 ], [ 1, 2 ], [ 1, 1 ], [ 2, 1 ], [ 2, 0 ], [ 3, 0 ], [ 4, 0 ], [ 4, 1 ], [ 3, 1 ], [ 3, 2 ], [ 4, 2 ], [ 4, 3 ], [ 4, 4 ], [ 4, 5 ], [ 3, 5 ], [ 2, 5 ], [ 1, 5 ], [ 0, 5 ], [ 0, 4 ], [ 1, 4 ], [ 1, 3 ], [ 2, 3 ] ]
}, {
index: 53,
layout: [ "100111", "111211", "111111", "111111", "001110" ],
path: [ [ 1, 3 ], [ 0, 3 ], [ 0, 4 ], [ 0, 5 ], [ 1, 5 ], [ 1, 4 ], [ 2, 4 ], [ 2, 5 ], [ 3, 5 ], [ 3, 4 ], [ 4, 4 ], [ 4, 3 ], [ 4, 2 ], [ 3, 2 ], [ 3, 3 ], [ 2, 3 ], [ 2, 2 ], [ 1, 2 ], [ 1, 1 ], [ 2, 1 ], [ 3, 1 ], [ 3, 0 ], [ 2, 0 ], [ 1, 0 ], [ 0, 0 ] ]
}, {
index: 54,
layout: [ "111100", "111102", "111101", "011111", "111111" ],
path: [ [ 1, 5 ], [ 2, 5 ], [ 3, 5 ], [ 4, 5 ], [ 4, 4 ], [ 3, 4 ], [ 3, 3 ], [ 4, 3 ], [ 4, 2 ], [ 3, 2 ], [ 2, 2 ], [ 2, 3 ], [ 1, 3 ], [ 0, 3 ], [ 0, 2 ], [ 1, 2 ], [ 1, 1 ], [ 0, 1 ], [ 0, 0 ], [ 1, 0 ], [ 2, 0 ], [ 2, 1 ], [ 3, 1 ], [ 4, 1 ], [ 4, 0 ] ]
}, {
index: 55,
layout: [ "111111", "101110", "111111", "110121", "111100" ],
path: [ [ 3, 4 ], [ 3, 5 ], [ 2, 5 ], [ 2, 4 ], [ 1, 4 ], [ 1, 3 ], [ 1, 2 ], [ 2, 2 ], [ 2, 3 ], [ 3, 3 ], [ 4, 3 ], [ 4, 2 ], [ 4, 1 ], [ 4, 0 ], [ 3, 0 ], [ 3, 1 ], [ 2, 1 ], [ 2, 0 ], [ 1, 0 ], [ 0, 0 ], [ 0, 1 ], [ 0, 2 ], [ 0, 3 ], [ 0, 4 ], [ 0, 5 ] ]
}, {
index: 56,
layout: [ "111120", "111111", "110011", "011011", "111111" ],
path: [ [ 0, 4 ], [ 0, 3 ], [ 0, 2 ], [ 0, 1 ], [ 0, 0 ], [ 1, 0 ], [ 2, 0 ], [ 2, 1 ], [ 1, 1 ], [ 1, 2 ], [ 1, 3 ], [ 1, 4 ], [ 1, 5 ], [ 2, 5 ], [ 2, 4 ], [ 3, 4 ], [ 3, 5 ], [ 4, 5 ], [ 4, 4 ], [ 4, 3 ], [ 4, 2 ], [ 3, 2 ], [ 3, 1 ], [ 4, 1 ], [ 4, 0 ] ]
}, {
index: 57,
layout: [ "012111", "111111", "111111", "111101", "111000" ],
path: [ [ 0, 2 ], [ 0, 1 ], [ 1, 1 ], [ 1, 0 ], [ 2, 0 ], [ 2, 1 ], [ 3, 1 ], [ 3, 0 ], [ 4, 0 ], [ 4, 1 ], [ 4, 2 ], [ 3, 2 ], [ 3, 3 ], [ 2, 3 ], [ 2, 2 ], [ 1, 2 ], [ 1, 3 ], [ 0, 3 ], [ 0, 4 ], [ 0, 5 ], [ 1, 5 ], [ 1, 4 ], [ 2, 4 ], [ 2, 5 ], [ 3, 5 ] ]
}, {
index: 58,
layout: [ "010111", "111101", "111011", "111111", "120111" ],
path: [ [ 4, 1 ], [ 4, 0 ], [ 3, 0 ], [ 3, 1 ], [ 3, 2 ], [ 3, 3 ], [ 4, 3 ], [ 4, 4 ], [ 4, 5 ], [ 3, 5 ], [ 3, 4 ], [ 2, 4 ], [ 2, 5 ], [ 1, 5 ], [ 0, 5 ], [ 0, 4 ], [ 0, 3 ], [ 1, 3 ], [ 1, 2 ], [ 2, 2 ], [ 2, 1 ], [ 2, 0 ], [ 1, 0 ], [ 1, 1 ], [ 0, 1 ] ]
}, {
index: 59,
layout: [ "111100", "111111", "110010", "111211", "111111" ],
path: [ [ 3, 3 ], [ 3, 2 ], [ 3, 1 ], [ 2, 1 ], [ 1, 1 ], [ 1, 2 ], [ 1, 3 ], [ 0, 3 ], [ 0, 2 ], [ 0, 1 ], [ 0, 0 ], [ 1, 0 ], [ 2, 0 ], [ 3, 0 ], [ 4, 0 ], [ 4, 1 ], [ 4, 2 ], [ 4, 3 ], [ 4, 4 ], [ 4, 5 ], [ 3, 5 ], [ 3, 4 ], [ 2, 4 ], [ 1, 4 ], [ 1, 5 ] ]
}, {
index: 60,
layout: [ "111110", "110110", "011111", "011111", "111121" ],
path: [ [ 4, 4 ], [ 4, 5 ], [ 3, 5 ], [ 2, 5 ], [ 2, 4 ], [ 3, 4 ], [ 3, 3 ], [ 4, 3 ], [ 4, 2 ], [ 3, 2 ], [ 2, 2 ], [ 2, 3 ], [ 1, 3 ], [ 1, 4 ], [ 0, 4 ], [ 0, 3 ], [ 0, 2 ], [ 0, 1 ], [ 0, 0 ], [ 1, 0 ], [ 1, 1 ], [ 2, 1 ], [ 3, 1 ], [ 4, 1 ], [ 4, 0 ] ]
}, {
index: 61,
layout: [ "111101", "101111", "121111", "111111", "111000" ],
path: [ [ 2, 1 ], [ 3, 1 ], [ 3, 2 ], [ 4, 2 ], [ 4, 1 ], [ 4, 0 ], [ 3, 0 ], [ 2, 0 ], [ 1, 0 ], [ 0, 0 ], [ 0, 1 ], [ 0, 2 ], [ 0, 3 ], [ 1, 3 ], [ 1, 2 ], [ 2, 2 ], [ 2, 3 ], [ 3, 3 ], [ 3, 4 ], [ 3, 5 ], [ 2, 5 ], [ 2, 4 ], [ 1, 4 ], [ 1, 5 ], [ 0, 5 ] ]
}, {
index: 62,
layout: [ "011111", "010121", "111111", "111111", "011101" ],
path: [ [ 1, 4 ], [ 1, 3 ], [ 2, 3 ], [ 2, 2 ], [ 3, 2 ], [ 3, 3 ], [ 4, 3 ], [ 4, 2 ], [ 4, 1 ], [ 3, 1 ], [ 3, 0 ], [ 2, 0 ], [ 2, 1 ], [ 1, 1 ], [ 0, 1 ], [ 0, 2 ], [ 0, 3 ], [ 0, 4 ], [ 0, 5 ], [ 1, 5 ], [ 2, 5 ], [ 2, 4 ], [ 3, 4 ], [ 3, 5 ], [ 4, 5 ] ]
}, {
index: 63,
layout: [ "111111", "101101", "101101", "011111", "211111" ],
path: [ [ 4, 0 ], [ 4, 1 ], [ 3, 1 ], [ 3, 2 ], [ 4, 2 ], [ 4, 3 ], [ 3, 3 ], [ 3, 4 ], [ 4, 4 ], [ 4, 5 ], [ 3, 5 ], [ 2, 5 ], [ 1, 5 ], [ 0, 5 ], [ 0, 4 ], [ 0, 3 ], [ 1, 3 ], [ 2, 3 ], [ 2, 2 ], [ 1, 2 ], [ 0, 2 ], [ 0, 1 ], [ 0, 0 ], [ 1, 0 ], [ 2, 0 ] ]
}, {
index: 64,
layout: [ "111111", "001111", "001111", "111102", "111111" ],
path: [ [ 3, 5 ], [ 4, 5 ], [ 4, 4 ], [ 4, 3 ], [ 4, 2 ], [ 4, 1 ], [ 4, 0 ], [ 3, 0 ], [ 3, 1 ], [ 3, 2 ], [ 3, 3 ], [ 2, 3 ], [ 2, 2 ], [ 1, 2 ], [ 1, 3 ], [ 1, 4 ], [ 2, 4 ], [ 2, 5 ], [ 1, 5 ], [ 0, 5 ], [ 0, 4 ], [ 0, 3 ], [ 0, 2 ], [ 0, 1 ], [ 0, 0 ] ]
}, {
index: 65,
layout: [ "101110", "111111", "111111", "111110", "112100" ],
path: [ [ 4, 2 ], [ 4, 3 ], [ 3, 3 ], [ 3, 4 ], [ 2, 4 ], [ 2, 5 ], [ 1, 5 ], [ 1, 4 ], [ 0, 4 ], [ 0, 3 ], [ 0, 2 ], [ 1, 2 ], [ 1, 3 ], [ 2, 3 ], [ 2, 2 ], [ 3, 2 ], [ 3, 1 ], [ 4, 1 ], [ 4, 0 ], [ 3, 0 ], [ 2, 0 ], [ 2, 1 ], [ 1, 1 ], [ 1, 0 ], [ 0, 0 ] ]
}, {
index: 66,
layout: [ "111111", "110111", "010110", "211111", "111101" ],
path: [ [ 3, 0 ], [ 4, 0 ], [ 4, 1 ], [ 4, 2 ], [ 4, 3 ], [ 3, 3 ], [ 3, 2 ], [ 3, 1 ], [ 2, 1 ], [ 1, 1 ], [ 1, 0 ], [ 0, 0 ], [ 0, 1 ], [ 0, 2 ], [ 0, 3 ], [ 0, 4 ], [ 0, 5 ], [ 1, 5 ], [ 1, 4 ], [ 1, 3 ], [ 2, 3 ], [ 2, 4 ], [ 3, 4 ], [ 3, 5 ], [ 4, 5 ] ]
}, {
index: 67,
layout: [ "121111", "111111", "111111", "110110", "010110" ],
path: [ [ 0, 1 ], [ 0, 0 ], [ 1, 0 ], [ 1, 1 ], [ 1, 2 ], [ 0, 2 ], [ 0, 3 ], [ 1, 3 ], [ 1, 4 ], [ 0, 4 ], [ 0, 5 ], [ 1, 5 ], [ 2, 5 ], [ 2, 4 ], [ 3, 4 ], [ 4, 4 ], [ 4, 3 ], [ 3, 3 ], [ 2, 3 ], [ 2, 2 ], [ 2, 1 ], [ 2, 0 ], [ 3, 0 ], [ 3, 1 ], [ 4, 1 ] ]
}, {
index: 68,
layout: [ "111002", "111111", "111110", "111111", "011101" ],
path: [ [ 0, 5 ], [ 1, 5 ], [ 1, 4 ], [ 1, 3 ], [ 1, 2 ], [ 0, 2 ], [ 0, 1 ], [ 0, 0 ], [ 1, 0 ], [ 1, 1 ], [ 2, 1 ], [ 2, 0 ], [ 3, 0 ], [ 3, 1 ], [ 4, 1 ], [ 4, 2 ], [ 4, 3 ], [ 3, 3 ], [ 3, 2 ], [ 2, 2 ], [ 2, 3 ], [ 2, 4 ], [ 3, 4 ], [ 3, 5 ], [ 4, 5 ] ]
}, {
index: 69,
layout: [ "011001", "111111", "111111", "111101", "110211" ],
path: [ [ 4, 3 ], [ 4, 4 ], [ 4, 5 ], [ 3, 5 ], [ 2, 5 ], [ 2, 4 ], [ 2, 3 ], [ 3, 3 ], [ 3, 2 ], [ 2, 2 ], [ 2, 1 ], [ 3, 1 ], [ 4, 1 ], [ 4, 0 ], [ 3, 0 ], [ 2, 0 ], [ 1, 0 ], [ 1, 1 ], [ 0, 1 ], [ 0, 2 ], [ 1, 2 ], [ 1, 3 ], [ 1, 4 ], [ 1, 5 ], [ 0, 5 ] ]
}, {
index: 70,
layout: [ "111211", "111111", "110011", "100110", "111111" ],
path: [ [ 0, 3 ], [ 0, 4 ], [ 0, 5 ], [ 1, 5 ], [ 2, 5 ], [ 2, 4 ], [ 1, 4 ], [ 1, 3 ], [ 1, 2 ], [ 0, 2 ], [ 0, 1 ], [ 0, 0 ], [ 1, 0 ], [ 1, 1 ], [ 2, 1 ], [ 2, 0 ], [ 3, 0 ], [ 4, 0 ], [ 4, 1 ], [ 4, 2 ], [ 4, 3 ], [ 3, 3 ], [ 3, 4 ], [ 4, 4 ], [ 4, 5 ] ]
}, {
index: 71,
layout: [ "100110", "121111", "110011", "111111", "111111" ],
path: [ [ 1, 1 ], [ 1, 2 ], [ 1, 3 ], [ 0, 3 ], [ 0, 4 ], [ 1, 4 ], [ 1, 5 ], [ 2, 5 ], [ 2, 4 ], [ 3, 4 ], [ 3, 5 ], [ 4, 5 ], [ 4, 4 ], [ 4, 3 ], [ 3, 3 ], [ 3, 2 ], [ 4, 2 ], [ 4, 1 ], [ 4, 0 ], [ 3, 0 ], [ 3, 1 ], [ 2, 1 ], [ 2, 0 ], [ 1, 0 ], [ 0, 0 ] ]
}, {
index: 72,
layout: [ "110111", "101111", "111111", "111121", "111000" ],
path: [ [ 3, 4 ], [ 3, 5 ], [ 2, 5 ], [ 2, 4 ], [ 1, 4 ], [ 1, 5 ], [ 0, 5 ], [ 0, 4 ], [ 0, 3 ], [ 1, 3 ], [ 1, 2 ], [ 2, 2 ], [ 2, 3 ], [ 3, 3 ], [ 3, 2 ], [ 4, 2 ], [ 4, 1 ], [ 4, 0 ], [ 3, 0 ], [ 3, 1 ], [ 2, 1 ], [ 2, 0 ], [ 1, 0 ], [ 0, 0 ], [ 0, 1 ] ]
}, {
index: 73,
layout: [ "101110", "111110", "111111", "121111", "110011" ],
path: [ [ 3, 1 ], [ 4, 1 ], [ 4, 0 ], [ 3, 0 ], [ 2, 0 ], [ 2, 1 ], [ 2, 2 ], [ 3, 2 ], [ 3, 3 ], [ 3, 4 ], [ 4, 4 ], [ 4, 5 ], [ 3, 5 ], [ 2, 5 ], [ 2, 4 ], [ 2, 3 ], [ 1, 3 ], [ 1, 4 ], [ 0, 4 ], [ 0, 3 ], [ 0, 2 ], [ 1, 2 ], [ 1, 1 ], [ 1, 0 ], [ 0, 0 ] ]
}, {
index: 74,
layout: [ "011111", "010110", "111211", "111111", "011111" ],
path: [ [ 2, 3 ], [ 2, 2 ], [ 3, 2 ], [ 3, 3 ], [ 3, 4 ], [ 2, 4 ], [ 2, 5 ], [ 3, 5 ], [ 4, 5 ], [ 4, 4 ], [ 4, 3 ], [ 4, 2 ], [ 4, 1 ], [ 3, 1 ], [ 3, 0 ], [ 2, 0 ], [ 2, 1 ], [ 1, 1 ], [ 0, 1 ], [ 0, 2 ], [ 0, 3 ], [ 1, 3 ], [ 1, 4 ], [ 0, 4 ], [ 0, 5 ] ]
}, {
index: 75,
layout: [ "211111", "110011", "110011", "011111", "111111" ],
path: [ [ 0, 0 ], [ 1, 0 ], [ 2, 0 ], [ 2, 1 ], [ 1, 1 ], [ 0, 1 ], [ 0, 2 ], [ 0, 3 ], [ 0, 4 ], [ 0, 5 ], [ 1, 5 ], [ 1, 4 ], [ 2, 4 ], [ 2, 5 ], [ 3, 5 ], [ 4, 5 ], [ 4, 4 ], [ 3, 4 ], [ 3, 3 ], [ 4, 3 ], [ 4, 2 ], [ 3, 2 ], [ 3, 1 ], [ 4, 1 ], [ 4, 0 ] ]
}, {
index: 76,
layout: [ "111111", "111111", "112111", "011110", "111000" ],
path: [ [ 2, 2 ], [ 2, 3 ], [ 3, 3 ], [ 3, 4 ], [ 2, 4 ], [ 2, 5 ], [ 1, 5 ], [ 0, 5 ], [ 0, 4 ], [ 1, 4 ], [ 1, 3 ], [ 0, 3 ], [ 0, 2 ], [ 1, 2 ], [ 1, 1 ], [ 0, 1 ], [ 0, 0 ], [ 1, 0 ], [ 2, 0 ], [ 2, 1 ], [ 3, 1 ], [ 3, 2 ], [ 4, 2 ], [ 4, 1 ], [ 4, 0 ] ]
}, {
index: 77,
layout: [ "111111", "111001", "110101", "111111", "111012" ],
path: [ [ 4, 5 ], [ 4, 4 ], [ 3, 4 ], [ 3, 5 ], [ 2, 5 ], [ 1, 5 ], [ 0, 5 ], [ 0, 4 ], [ 0, 3 ], [ 0, 2 ], [ 1, 2 ], [ 1, 1 ], [ 0, 1 ], [ 0, 0 ], [ 1, 0 ], [ 2, 0 ], [ 2, 1 ], [ 3, 1 ], [ 3, 0 ], [ 4, 0 ], [ 4, 1 ], [ 4, 2 ], [ 3, 2 ], [ 3, 3 ], [ 2, 3 ] ]
}, {
index: 78,
layout: [ "001111", "111111", "111012", "111110", "011111" ],
path: [ [ 2, 5 ], [ 1, 5 ], [ 0, 5 ], [ 0, 4 ], [ 0, 3 ], [ 0, 2 ], [ 1, 2 ], [ 1, 3 ], [ 1, 4 ], [ 2, 4 ], [ 3, 4 ], [ 3, 3 ], [ 3, 2 ], [ 2, 2 ], [ 2, 1 ], [ 1, 1 ], [ 1, 0 ], [ 2, 0 ], [ 3, 0 ], [ 3, 1 ], [ 4, 1 ], [ 4, 2 ], [ 4, 3 ], [ 4, 4 ], [ 4, 5 ] ]
}, {
index: 79,
layout: [ "110100", "111111", "111111", "112101", "110111" ],
path: [ [ 3, 2 ], [ 3, 3 ], [ 4, 3 ], [ 4, 4 ], [ 4, 5 ], [ 3, 5 ], [ 2, 5 ], [ 1, 5 ], [ 1, 4 ], [ 2, 4 ], [ 2, 3 ], [ 2, 2 ], [ 2, 1 ], [ 3, 1 ], [ 4, 1 ], [ 4, 0 ], [ 3, 0 ], [ 2, 0 ], [ 1, 0 ], [ 0, 0 ], [ 0, 1 ], [ 1, 1 ], [ 1, 2 ], [ 1, 3 ], [ 0, 3 ] ]
}, {
index: 80,
layout: [ "111111", "102111", "111011", "111111", "110100" ],
path: [ [ 1, 2 ], [ 1, 3 ], [ 1, 4 ], [ 2, 4 ], [ 3, 4 ], [ 3, 5 ], [ 2, 5 ], [ 1, 5 ], [ 0, 5 ], [ 0, 4 ], [ 0, 3 ], [ 0, 2 ], [ 0, 1 ], [ 0, 0 ], [ 1, 0 ], [ 2, 0 ], [ 3, 0 ], [ 4, 0 ], [ 4, 1 ], [ 3, 1 ], [ 2, 1 ], [ 2, 2 ], [ 3, 2 ], [ 3, 3 ], [ 4, 3 ] ]
}, {
index: 81,
layout: [ "001111", "111101", "211111", "011111", "110111" ],
path: [ [ 2, 0 ], [ 1, 0 ], [ 1, 1 ], [ 2, 1 ], [ 2, 2 ], [ 2, 3 ], [ 1, 3 ], [ 1, 2 ], [ 0, 2 ], [ 0, 3 ], [ 0, 4 ], [ 0, 5 ], [ 1, 5 ], [ 2, 5 ], [ 2, 4 ], [ 3, 4 ], [ 3, 5 ], [ 4, 5 ], [ 4, 4 ], [ 4, 3 ], [ 3, 3 ], [ 3, 2 ], [ 3, 1 ], [ 4, 1 ], [ 4, 0 ] ]
}, {
index: 82,
layout: [ "111111", "211110", "111100", "111111", "001111" ],
path: [ [ 1, 0 ], [ 0, 0 ], [ 0, 1 ], [ 1, 1 ], [ 2, 1 ], [ 2, 0 ], [ 3, 0 ], [ 3, 1 ], [ 3, 2 ], [ 4, 2 ], [ 4, 3 ], [ 4, 4 ], [ 4, 5 ], [ 3, 5 ], [ 3, 4 ], [ 3, 3 ], [ 2, 3 ], [ 2, 2 ], [ 1, 2 ], [ 0, 2 ], [ 0, 3 ], [ 1, 3 ], [ 1, 4 ], [ 0, 4 ], [ 0, 5 ] ]
}, {
index: 83,
layout: [ "111010", "101211", "111111", "110011", "111111" ],
path: [ [ 1, 3 ], [ 2, 3 ], [ 2, 2 ], [ 1, 2 ], [ 0, 2 ], [ 0, 1 ], [ 0, 0 ], [ 1, 0 ], [ 2, 0 ], [ 2, 1 ], [ 3, 1 ], [ 3, 0 ], [ 4, 0 ], [ 4, 1 ], [ 4, 2 ], [ 4, 3 ], [ 4, 4 ], [ 4, 5 ], [ 3, 5 ], [ 3, 4 ], [ 2, 4 ], [ 2, 5 ], [ 1, 5 ], [ 1, 4 ], [ 0, 4 ] ]
}, {
index: 84,
layout: [ "111111", "111112", "110111", "011111", "111000" ],
path: [ [ 1, 5 ], [ 0, 5 ], [ 0, 4 ], [ 1, 4 ], [ 2, 4 ], [ 2, 5 ], [ 3, 5 ], [ 3, 4 ], [ 3, 3 ], [ 2, 3 ], [ 1, 3 ], [ 0, 3 ], [ 0, 2 ], [ 1, 2 ], [ 1, 1 ], [ 0, 1 ], [ 0, 0 ], [ 1, 0 ], [ 2, 0 ], [ 2, 1 ], [ 3, 1 ], [ 3, 2 ], [ 4, 2 ], [ 4, 1 ], [ 4, 0 ] ]
}, {
index: 85,
layout: [ "111111", "101111", "111111", "011120", "001111" ],
path: [ [ 3, 4 ], [ 3, 3 ], [ 2, 3 ], [ 2, 2 ], [ 1, 2 ], [ 1, 3 ], [ 1, 4 ], [ 2, 4 ], [ 2, 5 ], [ 1, 5 ], [ 0, 5 ], [ 0, 4 ], [ 0, 3 ], [ 0, 2 ], [ 0, 1 ], [ 0, 0 ], [ 1, 0 ], [ 2, 0 ], [ 2, 1 ], [ 3, 1 ], [ 3, 2 ], [ 4, 2 ], [ 4, 3 ], [ 4, 4 ], [ 4, 5 ] ]
}, {
index: 86,
layout: [ "111121", "111111", "101110", "011011", "011111" ],
path: [ [ 0, 4 ], [ 0, 5 ], [ 1, 5 ], [ 1, 4 ], [ 2, 4 ], [ 3, 4 ], [ 3, 5 ], [ 4, 5 ], [ 4, 4 ], [ 4, 3 ], [ 4, 2 ], [ 4, 1 ], [ 3, 1 ], [ 3, 2 ], [ 2, 2 ], [ 2, 3 ], [ 1, 3 ], [ 0, 3 ], [ 0, 2 ], [ 1, 2 ], [ 1, 1 ], [ 0, 1 ], [ 0, 0 ], [ 1, 0 ], [ 2, 0 ] ]
}, {
index: 87,
layout: [ "012110", "011111", "101101", "111111", "111111" ],
path: [ [ 0, 2 ], [ 0, 1 ], [ 1, 1 ], [ 1, 2 ], [ 2, 2 ], [ 2, 3 ], [ 1, 3 ], [ 0, 3 ], [ 0, 4 ], [ 1, 4 ], [ 1, 5 ], [ 2, 5 ], [ 3, 5 ], [ 4, 5 ], [ 4, 4 ], [ 3, 4 ], [ 3, 3 ], [ 4, 3 ], [ 4, 2 ], [ 3, 2 ], [ 3, 1 ], [ 4, 1 ], [ 4, 0 ], [ 3, 0 ], [ 2, 0 ] ]
}, {
index: 88,
layout: [ "111011", "111111", "111111", "111110", "120100" ],
path: [ [ 4, 1 ], [ 4, 0 ], [ 3, 0 ], [ 2, 0 ], [ 1, 0 ], [ 0, 0 ], [ 0, 1 ], [ 0, 2 ], [ 1, 2 ], [ 1, 1 ], [ 2, 1 ], [ 3, 1 ], [ 3, 2 ], [ 2, 2 ], [ 2, 3 ], [ 1, 3 ], [ 1, 4 ], [ 0, 4 ], [ 0, 5 ], [ 1, 5 ], [ 2, 5 ], [ 2, 4 ], [ 3, 4 ], [ 3, 3 ], [ 4, 3 ] ]
}, {
index: 89,
layout: [ "011111", "011111", "101111", "111210", "111110" ],
path: [ [ 3, 3 ], [ 2, 3 ], [ 2, 2 ], [ 1, 2 ], [ 1, 1 ], [ 0, 1 ], [ 0, 2 ], [ 0, 3 ], [ 1, 3 ], [ 1, 4 ], [ 0, 4 ], [ 0, 5 ], [ 1, 5 ], [ 2, 5 ], [ 2, 4 ], [ 3, 4 ], [ 4, 4 ], [ 4, 3 ], [ 4, 2 ], [ 3, 2 ], [ 3, 1 ], [ 4, 1 ], [ 4, 0 ], [ 3, 0 ], [ 2, 0 ] ]
}, {
index: 90,
layout: [ "111111", "110001", "111111", "101111", "101121" ],
path: [ [ 4, 4 ], [ 4, 5 ], [ 3, 5 ], [ 3, 4 ], [ 3, 3 ], [ 4, 3 ], [ 4, 2 ], [ 3, 2 ], [ 2, 2 ], [ 2, 3 ], [ 2, 4 ], [ 2, 5 ], [ 1, 5 ], [ 0, 5 ], [ 0, 4 ], [ 0, 3 ], [ 0, 2 ], [ 0, 1 ], [ 0, 0 ], [ 1, 0 ], [ 1, 1 ], [ 2, 1 ], [ 2, 0 ], [ 3, 0 ], [ 4, 0 ] ]
}, {
index: 91,
layout: [ "010110", "111110", "121111", "111101", "111111" ],
path: [ [ 2, 1 ], [ 3, 1 ], [ 3, 2 ], [ 3, 3 ], [ 2, 3 ], [ 2, 2 ], [ 1, 2 ], [ 1, 3 ], [ 0, 3 ], [ 0, 4 ], [ 1, 4 ], [ 2, 4 ], [ 2, 5 ], [ 3, 5 ], [ 4, 5 ], [ 4, 4 ], [ 4, 3 ], [ 4, 2 ], [ 4, 1 ], [ 4, 0 ], [ 3, 0 ], [ 2, 0 ], [ 1, 0 ], [ 1, 1 ], [ 0, 1 ] ]
}, {
index: 92,
layout: [ "111111", "111121", "101111", "111110", "110100" ],
path: [ [ 1, 4 ], [ 1, 3 ], [ 2, 3 ], [ 2, 2 ], [ 3, 2 ], [ 3, 1 ], [ 4, 1 ], [ 4, 0 ], [ 3, 0 ], [ 2, 0 ], [ 1, 0 ], [ 0, 0 ], [ 0, 1 ], [ 1, 1 ], [ 1, 2 ], [ 0, 2 ], [ 0, 3 ], [ 0, 4 ], [ 0, 5 ], [ 1, 5 ], [ 2, 5 ], [ 2, 4 ], [ 3, 4 ], [ 3, 3 ], [ 4, 3 ] ]
}, {
index: 93,
layout: [ "100110", "111111", "111111", "111111", "210011" ],
path: [ [ 4, 0 ], [ 4, 1 ], [ 3, 1 ], [ 3, 0 ], [ 2, 0 ], [ 2, 1 ], [ 2, 2 ], [ 3, 2 ], [ 3, 3 ], [ 2, 3 ], [ 2, 4 ], [ 3, 4 ], [ 4, 4 ], [ 4, 5 ], [ 3, 5 ], [ 2, 5 ], [ 1, 5 ], [ 1, 4 ], [ 0, 4 ], [ 0, 3 ], [ 1, 3 ], [ 1, 2 ], [ 1, 1 ], [ 1, 0 ], [ 0, 0 ] ]
}, {
index: 94,
layout: [ "100011", "110111", "110111", "111112", "111111" ],
path: [ [ 3, 5 ], [ 4, 5 ], [ 4, 4 ], [ 3, 4 ], [ 2, 4 ], [ 2, 5 ], [ 1, 5 ], [ 0, 5 ], [ 0, 4 ], [ 1, 4 ], [ 1, 3 ], [ 2, 3 ], [ 3, 3 ], [ 4, 3 ], [ 4, 2 ], [ 3, 2 ], [ 3, 1 ], [ 4, 1 ], [ 4, 0 ], [ 3, 0 ], [ 2, 0 ], [ 2, 1 ], [ 1, 1 ], [ 1, 0 ], [ 0, 0 ] ]
}, {
index: 95,
layout: [ "111011", "011111", "111111", "111110", "112100" ],
path: [ [ 4, 2 ], [ 4, 3 ], [ 3, 3 ], [ 3, 4 ], [ 2, 4 ], [ 2, 5 ], [ 1, 5 ], [ 0, 5 ], [ 0, 4 ], [ 1, 4 ], [ 1, 3 ], [ 2, 3 ], [ 2, 2 ], [ 3, 2 ], [ 3, 1 ], [ 4, 1 ], [ 4, 0 ], [ 3, 0 ], [ 2, 0 ], [ 2, 1 ], [ 1, 1 ], [ 1, 2 ], [ 0, 2 ], [ 0, 1 ], [ 0, 0 ] ]
}, {
index: 96,
layout: [ "120111", "111111", "011011", "101111", "111011" ],
path: [ [ 0, 1 ], [ 0, 0 ], [ 1, 0 ], [ 1, 1 ], [ 2, 1 ], [ 2, 2 ], [ 1, 2 ], [ 1, 3 ], [ 0, 3 ], [ 0, 4 ], [ 0, 5 ], [ 1, 5 ], [ 1, 4 ], [ 2, 4 ], [ 2, 5 ], [ 3, 5 ], [ 4, 5 ], [ 4, 4 ], [ 3, 4 ], [ 3, 3 ], [ 3, 2 ], [ 4, 2 ], [ 4, 1 ], [ 4, 0 ], [ 3, 0 ] ]
}, {
index: 97,
layout: [ "011112", "011110", "111101", "111111", "111110" ],
path: [ [ 0, 5 ], [ 0, 4 ], [ 1, 4 ], [ 1, 3 ], [ 0, 3 ], [ 0, 2 ], [ 0, 1 ], [ 1, 1 ], [ 1, 2 ], [ 2, 2 ], [ 2, 3 ], [ 3, 3 ], [ 3, 2 ], [ 3, 1 ], [ 2, 1 ], [ 2, 0 ], [ 3, 0 ], [ 4, 0 ], [ 4, 1 ], [ 4, 2 ], [ 4, 3 ], [ 4, 4 ], [ 3, 4 ], [ 3, 5 ], [ 2, 5 ] ]
}, {
index: 98,
layout: [ "111111", "101101", "100111", "111110", "111211" ],
path: [ [ 4, 3 ], [ 4, 2 ], [ 3, 2 ], [ 3, 1 ], [ 4, 1 ], [ 4, 0 ], [ 3, 0 ], [ 2, 0 ], [ 1, 0 ], [ 0, 0 ], [ 0, 1 ], [ 0, 2 ], [ 1, 2 ], [ 1, 3 ], [ 0, 3 ], [ 0, 4 ], [ 0, 5 ], [ 1, 5 ], [ 2, 5 ], [ 2, 4 ], [ 2, 3 ], [ 3, 3 ], [ 3, 4 ], [ 4, 4 ], [ 4, 5 ] ]
}, {
index: 99,
layout: [ "111211", "111111", "111110", "111110", "110100" ],
path: [ [ 0, 3 ], [ 0, 4 ], [ 0, 5 ], [ 1, 5 ], [ 1, 4 ], [ 1, 3 ], [ 1, 2 ], [ 0, 2 ], [ 0, 1 ], [ 0, 0 ], [ 1, 0 ], [ 1, 1 ], [ 2, 1 ], [ 2, 0 ], [ 3, 0 ], [ 4, 0 ], [ 4, 1 ], [ 3, 1 ], [ 3, 2 ], [ 2, 2 ], [ 2, 3 ], [ 2, 4 ], [ 3, 4 ], [ 3, 3 ], [ 4, 3 ] ]
}, {
index: 100,
layout: [ "111110", "111111", "110111", "111121", "110001" ],
path: [ [ 3, 4 ], [ 2, 4 ], [ 2, 3 ], [ 3, 3 ], [ 3, 2 ], [ 3, 1 ], [ 4, 1 ], [ 4, 0 ], [ 3, 0 ], [ 2, 0 ], [ 2, 1 ], [ 1, 1 ], [ 1, 0 ], [ 0, 0 ], [ 0, 1 ], [ 0, 2 ], [ 1, 2 ], [ 1, 3 ], [ 0, 3 ], [ 0, 4 ], [ 1, 4 ], [ 1, 5 ], [ 2, 5 ], [ 3, 5 ], [ 4, 5 ] ]
}, {