index: 1,
layout: [ "111111", "111111", "110100", "111111", "112010", "111111", "111111" ],
path: [ [ 4, 2 ], [ 3, 2 ], [ 3, 3 ], [ 2, 3 ], [ 1, 3 ], [ 1, 4 ], [ 1, 5 ], [ 0, 5 ], [ 0, 4 ], [ 0, 3 ], [ 0, 2 ], [ 1, 2 ], [ 1, 1 ], [ 0, 1 ], [ 0, 0 ], [ 1, 0 ], [ 2, 0 ], [ 2, 1 ], [ 3, 1 ], [ 3, 0 ], [ 4, 0 ], [ 4, 1 ], [ 5, 1 ], [ 5, 0 ], [ 6, 0 ], [ 6, 1 ], [ 6, 2 ], [ 5, 2 ], [ 5, 3 ], [ 6, 3 ], [ 6, 4 ], [ 6, 5 ], [ 5, 5 ], [ 5, 4 ], [ 4, 4 ], [ 3, 4 ], [ 3, 5 ] ]
}, {
index: 2,
layout: [ "111111", "110110", "111111", "211011", "011011", "111111", "111111" ],
path: [ [ 3, 0 ], [ 2, 0 ], [ 2, 1 ], [ 1, 1 ], [ 1, 0 ], [ 0, 0 ], [ 0, 1 ], [ 0, 2 ], [ 0, 3 ], [ 1, 3 ], [ 2, 3 ], [ 2, 2 ], [ 3, 2 ], [ 3, 1 ], [ 4, 1 ], [ 4, 2 ], [ 5, 2 ], [ 5, 1 ], [ 5, 0 ], [ 6, 0 ], [ 6, 1 ], [ 6, 2 ], [ 6, 3 ], [ 5, 3 ], [ 5, 4 ], [ 6, 4 ], [ 6, 5 ], [ 5, 5 ], [ 4, 5 ], [ 4, 4 ], [ 3, 4 ], [ 3, 5 ], [ 2, 5 ], [ 2, 4 ], [ 1, 4 ], [ 0, 4 ], [ 0, 5 ] ]
}, {
index: 3,
layout: [ "110111", "111011", "101111", "111111", "110011", "112111", "111111" ],
path: [ [ 5, 2 ], [ 5, 1 ], [ 4, 1 ], [ 3, 1 ], [ 3, 2 ], [ 3, 3 ], [ 2, 3 ], [ 2, 2 ], [ 1, 2 ], [ 1, 1 ], [ 0, 1 ], [ 0, 0 ], [ 1, 0 ], [ 2, 0 ], [ 3, 0 ], [ 4, 0 ], [ 5, 0 ], [ 6, 0 ], [ 6, 1 ], [ 6, 2 ], [ 6, 3 ], [ 5, 3 ], [ 5, 4 ], [ 6, 4 ], [ 6, 5 ], [ 5, 5 ], [ 4, 5 ], [ 4, 4 ], [ 3, 4 ], [ 3, 5 ], [ 2, 5 ], [ 2, 4 ], [ 1, 4 ], [ 1, 5 ], [ 0, 5 ], [ 0, 4 ], [ 0, 3 ] ]
}, {
index: 4,
layout: [ "111110", "111111", "110110", "011211", "111101", "111111", "111111" ],
path: [ [ 3, 3 ], [ 4, 3 ], [ 4, 2 ], [ 3, 2 ], [ 3, 1 ], [ 4, 1 ], [ 4, 0 ], [ 5, 0 ], [ 6, 0 ], [ 6, 1 ], [ 5, 1 ], [ 5, 2 ], [ 6, 2 ], [ 6, 3 ], [ 5, 3 ], [ 5, 4 ], [ 6, 4 ], [ 6, 5 ], [ 5, 5 ], [ 4, 5 ], [ 3, 5 ], [ 3, 4 ], [ 2, 4 ], [ 2, 3 ], [ 1, 3 ], [ 1, 2 ], [ 1, 1 ], [ 2, 1 ], [ 2, 0 ], [ 1, 0 ], [ 0, 0 ], [ 0, 1 ], [ 0, 2 ], [ 0, 3 ], [ 0, 4 ], [ 1, 4 ], [ 1, 5 ] ]
}, {
index: 5,
layout: [ "111101", "101111", "101111", "101111", "111111", "110111", "111211" ],
path: [ [ 6, 3 ], [ 6, 2 ], [ 6, 1 ], [ 6, 0 ], [ 5, 0 ], [ 5, 1 ], [ 4, 1 ], [ 4, 0 ], [ 3, 0 ], [ 2, 0 ], [ 1, 0 ], [ 0, 0 ], [ 0, 1 ], [ 0, 2 ], [ 0, 3 ], [ 1, 3 ], [ 1, 2 ], [ 2, 2 ], [ 2, 3 ], [ 3, 3 ], [ 3, 2 ], [ 4, 2 ], [ 4, 3 ], [ 5, 3 ], [ 5, 4 ], [ 6, 4 ], [ 6, 5 ], [ 5, 5 ], [ 4, 5 ], [ 4, 4 ], [ 3, 4 ], [ 3, 5 ], [ 2, 5 ], [ 2, 4 ], [ 1, 4 ], [ 1, 5 ], [ 0, 5 ] ]
}, {
index: 6,
layout: [ "111101", "111101", "120111", "011110", "111111", "111111", "111111" ],
path: [ [ 2, 1 ], [ 2, 0 ], [ 1, 0 ], [ 0, 0 ], [ 0, 1 ], [ 1, 1 ], [ 1, 2 ], [ 0, 2 ], [ 0, 3 ], [ 1, 3 ], [ 2, 3 ], [ 3, 3 ], [ 4, 3 ], [ 4, 2 ], [ 3, 2 ], [ 3, 1 ], [ 4, 1 ], [ 4, 0 ], [ 5, 0 ], [ 6, 0 ], [ 6, 1 ], [ 5, 1 ], [ 5, 2 ], [ 6, 2 ], [ 6, 3 ], [ 5, 3 ], [ 5, 4 ], [ 6, 4 ], [ 6, 5 ], [ 5, 5 ], [ 4, 5 ], [ 4, 4 ], [ 3, 4 ], [ 2, 4 ], [ 2, 5 ], [ 1, 5 ], [ 0, 5 ] ]
}, {
index: 7,
layout: [ "111011", "111110", "111110", "111111", "011112", "111011", "111111" ],
path: [ [ 4, 5 ], [ 3, 5 ], [ 3, 4 ], [ 2, 4 ], [ 2, 3 ], [ 2, 2 ], [ 3, 2 ], [ 3, 3 ], [ 4, 3 ], [ 4, 4 ], [ 5, 4 ], [ 5, 5 ], [ 6, 5 ], [ 6, 4 ], [ 6, 3 ], [ 6, 2 ], [ 6, 1 ], [ 6, 0 ], [ 5, 0 ], [ 5, 1 ], [ 5, 2 ], [ 4, 2 ], [ 4, 1 ], [ 3, 1 ], [ 3, 0 ], [ 2, 0 ], [ 2, 1 ], [ 1, 1 ], [ 1, 0 ], [ 0, 0 ], [ 0, 1 ], [ 0, 2 ], [ 1, 2 ], [ 1, 3 ], [ 1, 4 ], [ 0, 4 ], [ 0, 5 ] ]
}, {
index: 8,
layout: [ "111111", "120111", "111011", "111110", "111111", "001111", "111111" ],
path: [ [ 1, 1 ], [ 2, 1 ], [ 2, 2 ], [ 3, 2 ], [ 3, 1 ], [ 4, 1 ], [ 4, 0 ], [ 3, 0 ], [ 2, 0 ], [ 1, 0 ], [ 0, 0 ], [ 0, 1 ], [ 0, 2 ], [ 0, 3 ], [ 1, 3 ], [ 1, 4 ], [ 0, 4 ], [ 0, 5 ], [ 1, 5 ], [ 2, 5 ], [ 2, 4 ], [ 3, 4 ], [ 3, 3 ], [ 4, 3 ], [ 4, 2 ], [ 5, 2 ], [ 5, 3 ], [ 5, 4 ], [ 4, 4 ], [ 4, 5 ], [ 5, 5 ], [ 6, 5 ], [ 6, 4 ], [ 6, 3 ], [ 6, 2 ], [ 6, 1 ], [ 6, 0 ] ]
}, {
index: 9,
layout: [ "111101", "211111", "111011", "111111", "111100", "101111", "111111" ],
path: [ [ 1, 0 ], [ 0, 0 ], [ 0, 1 ], [ 1, 1 ], [ 2, 1 ], [ 2, 0 ], [ 3, 0 ], [ 3, 1 ], [ 4, 1 ], [ 4, 0 ], [ 5, 0 ], [ 6, 0 ], [ 6, 1 ], [ 6, 2 ], [ 6, 3 ], [ 6, 4 ], [ 6, 5 ], [ 5, 5 ], [ 5, 4 ], [ 5, 3 ], [ 5, 2 ], [ 4, 2 ], [ 4, 3 ], [ 3, 3 ], [ 3, 2 ], [ 2, 2 ], [ 1, 2 ], [ 0, 2 ], [ 0, 3 ], [ 1, 3 ], [ 1, 4 ], [ 2, 4 ], [ 3, 4 ], [ 3, 5 ], [ 2, 5 ], [ 1, 5 ], [ 0, 5 ] ]
}, {
index: 10,
layout: [ "110111", "111011", "111110", "011111", "111101", "111111", "121111" ],
path: [ [ 6, 1 ], [ 6, 0 ], [ 5, 0 ], [ 4, 0 ], [ 4, 1 ], [ 5, 1 ], [ 5, 2 ], [ 6, 2 ], [ 6, 3 ], [ 5, 3 ], [ 5, 4 ], [ 6, 4 ], [ 6, 5 ], [ 5, 5 ], [ 4, 5 ], [ 3, 5 ], [ 3, 4 ], [ 3, 3 ], [ 4, 3 ], [ 4, 2 ], [ 3, 2 ], [ 3, 1 ], [ 2, 1 ], [ 2, 0 ], [ 1, 0 ], [ 0, 0 ], [ 0, 1 ], [ 1, 1 ], [ 1, 2 ], [ 2, 2 ], [ 2, 3 ], [ 2, 4 ], [ 1, 4 ], [ 1, 5 ], [ 0, 5 ], [ 0, 4 ], [ 0, 3 ] ]
}, {
index: 11,
layout: [ "101111", "111111", "111111", "110110", "011011", "111111", "211111" ],
path: [ [ 6, 0 ], [ 5, 0 ], [ 5, 1 ], [ 6, 1 ], [ 6, 2 ], [ 6, 3 ], [ 6, 4 ], [ 6, 5 ], [ 5, 5 ], [ 4, 5 ], [ 4, 4 ], [ 5, 4 ], [ 5, 3 ], [ 5, 2 ], [ 4, 2 ], [ 4, 1 ], [ 3, 1 ], [ 3, 0 ], [ 2, 0 ], [ 2, 1 ], [ 2, 2 ], [ 2, 3 ], [ 3, 3 ], [ 3, 4 ], [ 2, 4 ], [ 2, 5 ], [ 1, 5 ], [ 0, 5 ], [ 0, 4 ], [ 1, 4 ], [ 1, 3 ], [ 0, 3 ], [ 0, 2 ], [ 1, 2 ], [ 1, 1 ], [ 1, 0 ], [ 0, 0 ] ]
}, {
index: 12,
layout: [ "110111", "011112", "111111", "111111", "110110", "110111", "111111" ],
path: [ [ 1, 5 ], [ 0, 5 ], [ 0, 4 ], [ 0, 3 ], [ 1, 3 ], [ 1, 4 ], [ 2, 4 ], [ 2, 5 ], [ 3, 5 ], [ 3, 4 ], [ 4, 4 ], [ 4, 3 ], [ 5, 3 ], [ 5, 4 ], [ 5, 5 ], [ 6, 5 ], [ 6, 4 ], [ 6, 3 ], [ 6, 2 ], [ 6, 1 ], [ 6, 0 ], [ 5, 0 ], [ 5, 1 ], [ 4, 1 ], [ 4, 0 ], [ 3, 0 ], [ 2, 0 ], [ 2, 1 ], [ 3, 1 ], [ 3, 2 ], [ 3, 3 ], [ 2, 3 ], [ 2, 2 ], [ 1, 2 ], [ 1, 1 ], [ 0, 1 ], [ 0, 0 ] ]
}, {
index: 13,
layout: [ "111111", "111111", "011011", "111121", "010110", "111111", "111111" ],
path: [ [ 3, 4 ], [ 3, 5 ], [ 2, 5 ], [ 2, 4 ], [ 1, 4 ], [ 1, 5 ], [ 0, 5 ], [ 0, 4 ], [ 0, 3 ], [ 1, 3 ], [ 1, 2 ], [ 0, 2 ], [ 0, 1 ], [ 0, 0 ], [ 1, 0 ], [ 1, 1 ], [ 2, 1 ], [ 2, 2 ], [ 3, 2 ], [ 3, 3 ], [ 4, 3 ], [ 4, 4 ], [ 5, 4 ], [ 5, 5 ], [ 6, 5 ], [ 6, 4 ], [ 6, 3 ], [ 5, 3 ], [ 5, 2 ], [ 6, 2 ], [ 6, 1 ], [ 6, 0 ], [ 5, 0 ], [ 5, 1 ], [ 4, 1 ], [ 3, 1 ], [ 3, 0 ] ]
}, {
index: 14,
layout: [ "110111", "111111", "111011", "121101", "111110", "101111", "111111" ],
path: [ [ 3, 1 ], [ 4, 1 ], [ 4, 2 ], [ 3, 2 ], [ 3, 3 ], [ 4, 3 ], [ 4, 4 ], [ 5, 4 ], [ 5, 5 ], [ 6, 5 ], [ 6, 4 ], [ 6, 3 ], [ 5, 3 ], [ 5, 2 ], [ 6, 2 ], [ 6, 1 ], [ 6, 0 ], [ 5, 0 ], [ 4, 0 ], [ 3, 0 ], [ 2, 0 ], [ 1, 0 ], [ 0, 0 ], [ 0, 1 ], [ 1, 1 ], [ 2, 1 ], [ 2, 2 ], [ 1, 2 ], [ 1, 3 ], [ 0, 3 ], [ 0, 4 ], [ 0, 5 ], [ 1, 5 ], [ 1, 4 ], [ 2, 4 ], [ 2, 5 ], [ 3, 5 ] ]
}, {
index: 15,
layout: [ "110210", "111111", "111111", "111111", "011110", "101111", "111111" ],
path: [ [ 0, 3 ], [ 0, 4 ], [ 1, 4 ], [ 1, 5 ], [ 2, 5 ], [ 3, 5 ], [ 3, 4 ], [ 2, 4 ], [ 2, 3 ], [ 1, 3 ], [ 1, 2 ], [ 2, 2 ], [ 2, 1 ], [ 1, 1 ], [ 0, 1 ], [ 0, 0 ], [ 1, 0 ], [ 2, 0 ], [ 3, 0 ], [ 3, 1 ], [ 4, 1 ], [ 4, 2 ], [ 3, 2 ], [ 3, 3 ], [ 4, 3 ], [ 4, 4 ], [ 5, 4 ], [ 5, 5 ], [ 6, 5 ], [ 6, 4 ], [ 6, 3 ], [ 5, 3 ], [ 5, 2 ], [ 6, 2 ], [ 6, 1 ], [ 6, 0 ], [ 5, 0 ] ]
}, {
index: 16,
layout: [ "111111", "011101", "111111", "111112", "110001", "111111", "111111" ],
path: [ [ 3, 5 ], [ 4, 5 ], [ 5, 5 ], [ 6, 5 ], [ 6, 4 ], [ 5, 4 ], [ 5, 3 ], [ 6, 3 ], [ 6, 2 ], [ 5, 2 ], [ 5, 1 ], [ 6, 1 ], [ 6, 0 ], [ 5, 0 ], [ 4, 0 ], [ 4, 1 ], [ 3, 1 ], [ 3, 0 ], [ 2, 0 ], [ 2, 1 ], [ 1, 1 ], [ 1, 2 ], [ 1, 3 ], [ 2, 3 ], [ 2, 2 ], [ 3, 2 ], [ 3, 3 ], [ 3, 4 ], [ 2, 4 ], [ 2, 5 ], [ 1, 5 ], [ 0, 5 ], [ 0, 4 ], [ 0, 3 ], [ 0, 2 ], [ 0, 1 ], [ 0, 0 ] ]
}, {
index: 17,
layout: [ "111111", "211111", "110011", "111011", "110110", "111111", "111111" ],
path: [ [ 1, 0 ], [ 0, 0 ], [ 0, 1 ], [ 0, 2 ], [ 0, 3 ], [ 0, 4 ], [ 0, 5 ], [ 1, 5 ], [ 2, 5 ], [ 3, 5 ], [ 3, 4 ], [ 2, 4 ], [ 1, 4 ], [ 1, 3 ], [ 1, 2 ], [ 1, 1 ], [ 2, 1 ], [ 2, 0 ], [ 3, 0 ], [ 4, 0 ], [ 5, 0 ], [ 6, 0 ], [ 6, 1 ], [ 6, 2 ], [ 6, 3 ], [ 6, 4 ], [ 6, 5 ], [ 5, 5 ], [ 5, 4 ], [ 4, 4 ], [ 4, 3 ], [ 5, 3 ], [ 5, 2 ], [ 5, 1 ], [ 4, 1 ], [ 3, 1 ], [ 3, 2 ] ]
}, {
index: 18,
layout: [ "121111", "111110", "011011", "111111", "111011", "101111", "111111" ],
path: [ [ 0, 1 ], [ 0, 0 ], [ 1, 0 ], [ 1, 1 ], [ 2, 1 ], [ 2, 2 ], [ 3, 2 ], [ 3, 3 ], [ 3, 4 ], [ 4, 4 ], [ 5, 4 ], [ 5, 3 ], [ 5, 2 ], [ 4, 2 ], [ 4, 1 ], [ 3, 1 ], [ 3, 0 ], [ 4, 0 ], [ 5, 0 ], [ 6, 0 ], [ 6, 1 ], [ 6, 2 ], [ 6, 3 ], [ 6, 4 ], [ 6, 5 ], [ 5, 5 ], [ 4, 5 ], [ 3, 5 ], [ 2, 5 ], [ 2, 4 ], [ 1, 4 ], [ 1, 3 ], [ 1, 2 ], [ 0, 2 ], [ 0, 3 ], [ 0, 4 ], [ 0, 5 ] ]
}, {
index: 19,
layout: [ "111111", "102111", "001111", "111110", "101111", "111111", "111111" ],
path: [ [ 1, 2 ], [ 2, 2 ], [ 2, 3 ], [ 3, 3 ], [ 4, 3 ], [ 4, 2 ], [ 3, 2 ], [ 3, 1 ], [ 3, 0 ], [ 4, 0 ], [ 5, 0 ], [ 6, 0 ], [ 6, 1 ], [ 5, 1 ], [ 5, 2 ], [ 6, 2 ], [ 6, 3 ], [ 5, 3 ], [ 5, 4 ], [ 6, 4 ], [ 6, 5 ], [ 5, 5 ], [ 4, 5 ], [ 4, 4 ], [ 3, 4 ], [ 2, 4 ], [ 2, 5 ], [ 1, 5 ], [ 0, 5 ], [ 0, 4 ], [ 1, 4 ], [ 1, 3 ], [ 0, 3 ], [ 0, 2 ], [ 0, 1 ], [ 0, 0 ], [ 1, 0 ] ]
}, {
index: 20,
layout: [ "111211", "111110", "111100", "011111", "111101", "111111", "111111" ],
path: [ [ 0, 3 ], [ 0, 2 ], [ 1, 2 ], [ 1, 1 ], [ 0, 1 ], [ 0, 0 ], [ 1, 0 ], [ 2, 0 ], [ 2, 1 ], [ 3, 1 ], [ 4, 1 ], [ 4, 0 ], [ 5, 0 ], [ 6, 0 ], [ 6, 1 ], [ 5, 1 ], [ 5, 2 ], [ 6, 2 ], [ 6, 3 ], [ 5, 3 ], [ 5, 4 ], [ 6, 4 ], [ 6, 5 ], [ 5, 5 ], [ 4, 5 ], [ 3, 5 ], [ 3, 4 ], [ 3, 3 ], [ 4, 3 ], [ 4, 2 ], [ 3, 2 ], [ 2, 2 ], [ 2, 3 ], [ 1, 3 ], [ 1, 4 ], [ 0, 4 ], [ 0, 5 ] ]
}, {
index: 21,
layout: [ "111111", "111111", "011011", "111102", "111101", "011111", "111111" ],
path: [ [ 3, 5 ], [ 4, 5 ], [ 5, 5 ], [ 6, 5 ], [ 6, 4 ], [ 5, 4 ], [ 5, 3 ], [ 6, 3 ], [ 6, 2 ], [ 5, 2 ], [ 4, 2 ], [ 4, 3 ], [ 3, 3 ], [ 3, 2 ], [ 2, 2 ], [ 1, 2 ], [ 1, 3 ], [ 1, 4 ], [ 2, 4 ], [ 2, 5 ], [ 1, 5 ], [ 0, 5 ], [ 0, 4 ], [ 0, 3 ], [ 0, 2 ], [ 0, 1 ], [ 0, 0 ], [ 1, 0 ], [ 1, 1 ], [ 2, 1 ], [ 3, 1 ], [ 3, 0 ], [ 4, 0 ], [ 4, 1 ], [ 5, 1 ], [ 6, 1 ], [ 6, 0 ] ]
}, {
index: 22,
layout: [ "111111", "111101", "111111", "011110", "111101", "102111", "111111" ],
path: [ [ 5, 2 ], [ 4, 2 ], [ 4, 3 ], [ 3, 3 ], [ 3, 4 ], [ 2, 4 ], [ 2, 5 ], [ 1, 5 ], [ 0, 5 ], [ 0, 4 ], [ 0, 3 ], [ 0, 2 ], [ 0, 1 ], [ 0, 0 ], [ 1, 0 ], [ 2, 0 ], [ 2, 1 ], [ 1, 1 ], [ 1, 2 ], [ 1, 3 ], [ 2, 3 ], [ 2, 2 ], [ 3, 2 ], [ 3, 1 ], [ 4, 1 ], [ 4, 0 ], [ 5, 0 ], [ 6, 0 ], [ 6, 1 ], [ 6, 2 ], [ 6, 3 ], [ 5, 3 ], [ 5, 4 ], [ 6, 4 ], [ 6, 5 ], [ 5, 5 ], [ 4, 5 ] ]
}, {
index: 23,
layout: [ "111011", "111111", "011111", "111201", "111110", "101111", "111111" ],
path: [ [ 3, 3 ], [ 4, 3 ], [ 4, 4 ], [ 5, 4 ], [ 5, 5 ], [ 6, 5 ], [ 6, 4 ], [ 6, 3 ], [ 5, 3 ], [ 5, 2 ], [ 6, 2 ], [ 6, 1 ], [ 6, 0 ], [ 5, 0 ], [ 4, 0 ], [ 3, 0 ], [ 3, 1 ], [ 4, 1 ], [ 4, 2 ], [ 3, 2 ], [ 2, 2 ], [ 2, 1 ], [ 1, 1 ], [ 1, 0 ], [ 0, 0 ], [ 0, 1 ], [ 0, 2 ], [ 1, 2 ], [ 1, 3 ], [ 2, 3 ], [ 2, 4 ], [ 1, 4 ], [ 0, 4 ], [ 0, 5 ], [ 1, 5 ], [ 2, 5 ], [ 3, 5 ] ]
}, {
index: 24,
layout: [ "111111", "112101", "011111", "101111", "110110", "111111", "111111" ],
path: [ [ 1, 2 ], [ 1, 3 ], [ 2, 3 ], [ 2, 4 ], [ 3, 4 ], [ 3, 5 ], [ 2, 5 ], [ 1, 5 ], [ 0, 5 ], [ 0, 4 ], [ 0, 3 ], [ 0, 2 ], [ 0, 1 ], [ 0, 0 ], [ 1, 0 ], [ 1, 1 ], [ 2, 1 ], [ 2, 2 ], [ 3, 2 ], [ 3, 3 ], [ 4, 3 ], [ 4, 4 ], [ 5, 4 ], [ 5, 5 ], [ 6, 5 ], [ 6, 4 ], [ 6, 3 ], [ 5, 3 ], [ 5, 2 ], [ 6, 2 ], [ 6, 1 ], [ 6, 0 ], [ 5, 0 ], [ 5, 1 ], [ 4, 1 ], [ 4, 0 ], [ 3, 0 ] ]
}, {
index: 25,
layout: [ "111001", "111111", "111111", "101121", "110110", "111111", "111111" ],
path: [ [ 3, 4 ], [ 3, 5 ], [ 2, 5 ], [ 2, 4 ], [ 2, 3 ], [ 2, 2 ], [ 3, 2 ], [ 3, 3 ], [ 4, 3 ], [ 4, 4 ], [ 5, 4 ], [ 5, 5 ], [ 6, 5 ], [ 6, 4 ], [ 6, 3 ], [ 5, 3 ], [ 5, 2 ], [ 6, 2 ], [ 6, 1 ], [ 6, 0 ], [ 5, 0 ], [ 5, 1 ], [ 4, 1 ], [ 4, 0 ], [ 3, 0 ], [ 2, 0 ], [ 2, 1 ], [ 1, 1 ], [ 1, 0 ], [ 0, 0 ], [ 0, 1 ], [ 0, 2 ], [ 1, 2 ], [ 1, 3 ], [ 1, 4 ], [ 1, 5 ], [ 0, 5 ] ]
}, {
index: 26,
layout: [ "111111", "211110", "111111", "111111", "101100", "101111", "111111" ],
path: [ [ 1, 0 ], [ 0, 0 ], [ 0, 1 ], [ 1, 1 ], [ 1, 2 ], [ 0, 2 ], [ 0, 3 ], [ 1, 3 ], [ 2, 3 ], [ 2, 2 ], [ 3, 2 ], [ 3, 1 ], [ 2, 1 ], [ 2, 0 ], [ 3, 0 ], [ 4, 0 ], [ 5, 0 ], [ 6, 0 ], [ 6, 1 ], [ 6, 2 ], [ 6, 3 ], [ 6, 4 ], [ 6, 5 ], [ 5, 5 ], [ 5, 4 ], [ 5, 3 ], [ 5, 2 ], [ 4, 2 ], [ 4, 3 ], [ 3, 3 ], [ 3, 4 ], [ 3, 5 ], [ 2, 5 ], [ 2, 4 ], [ 1, 4 ], [ 0, 4 ], [ 0, 5 ] ]
}, {
index: 27,
layout: [ "101110", "111111", "111101", "111111", "211011", "101111", "111111" ],
path: [ [ 4, 0 ], [ 5, 0 ], [ 6, 0 ], [ 6, 1 ], [ 6, 2 ], [ 6, 3 ], [ 6, 4 ], [ 6, 5 ], [ 5, 5 ], [ 4, 5 ], [ 3, 5 ], [ 2, 5 ], [ 1, 5 ], [ 1, 4 ], [ 0, 4 ], [ 0, 3 ], [ 0, 2 ], [ 1, 2 ], [ 1, 3 ], [ 2, 3 ], [ 2, 2 ], [ 3, 2 ], [ 3, 3 ], [ 3, 4 ], [ 4, 4 ], [ 5, 4 ], [ 5, 3 ], [ 5, 2 ], [ 4, 2 ], [ 4, 1 ], [ 3, 1 ], [ 3, 0 ], [ 2, 0 ], [ 2, 1 ], [ 1, 1 ], [ 1, 0 ], [ 0, 0 ] ]
}, {
index: 28,
layout: [ "111111", "111111", "011010", "111111", "112110", "101111", "111111" ],
path: [ [ 4, 2 ], [ 4, 1 ], [ 3, 1 ], [ 3, 0 ], [ 4, 0 ], [ 5, 0 ], [ 6, 0 ], [ 6, 1 ], [ 6, 2 ], [ 5, 2 ], [ 5, 3 ], [ 6, 3 ], [ 6, 4 ], [ 6, 5 ], [ 5, 5 ], [ 5, 4 ], [ 4, 4 ], [ 4, 3 ], [ 3, 3 ], [ 3, 2 ], [ 2, 2 ], [ 2, 1 ], [ 1, 1 ], [ 1, 0 ], [ 0, 0 ], [ 0, 1 ], [ 0, 2 ], [ 1, 2 ], [ 1, 3 ], [ 0, 3 ], [ 0, 4 ], [ 0, 5 ], [ 1, 5 ], [ 1, 4 ], [ 2, 4 ], [ 3, 4 ], [ 3, 5 ] ]
}, {
index: 29,
layout: [ "111111", "111111", "120011", "111111", "011110", "101111", "111111" ],
path: [ [ 2, 1 ], [ 1, 1 ], [ 1, 2 ], [ 1, 3 ], [ 1, 4 ], [ 2, 4 ], [ 3, 4 ], [ 3, 5 ], [ 2, 5 ], [ 1, 5 ], [ 0, 5 ], [ 0, 4 ], [ 0, 3 ], [ 0, 2 ], [ 0, 1 ], [ 0, 0 ], [ 1, 0 ], [ 2, 0 ], [ 3, 0 ], [ 3, 1 ], [ 4, 1 ], [ 4, 2 ], [ 3, 2 ], [ 3, 3 ], [ 4, 3 ], [ 4, 4 ], [ 5, 4 ], [ 5, 5 ], [ 6, 5 ], [ 6, 4 ], [ 6, 3 ], [ 5, 3 ], [ 5, 2 ], [ 6, 2 ], [ 6, 1 ], [ 6, 0 ], [ 5, 0 ] ]
}, {
index: 30,
layout: [ "111101", "111111", "101112", "111111", "110110", "101111", "111111" ],
path: [ [ 2, 5 ], [ 3, 5 ], [ 3, 4 ], [ 2, 4 ], [ 2, 3 ], [ 2, 2 ], [ 3, 2 ], [ 3, 3 ], [ 4, 3 ], [ 4, 4 ], [ 5, 4 ], [ 5, 5 ], [ 6, 5 ], [ 6, 4 ], [ 6, 3 ], [ 5, 3 ], [ 5, 2 ], [ 6, 2 ], [ 6, 1 ], [ 6, 0 ], [ 5, 0 ], [ 4, 0 ], [ 4, 1 ], [ 3, 1 ], [ 3, 0 ], [ 2, 0 ], [ 1, 0 ], [ 0, 0 ], [ 0, 1 ], [ 1, 1 ], [ 1, 2 ], [ 0, 2 ], [ 0, 3 ], [ 1, 3 ], [ 1, 4 ], [ 1, 5 ], [ 0, 5 ] ]
}, {
index: 31,
layout: [ "111111", "111011", "101111", "111111", "110110", "011211", "111111" ],
path: [ [ 5, 3 ], [ 4, 3 ], [ 3, 3 ], [ 2, 3 ], [ 2, 2 ], [ 3, 2 ], [ 3, 1 ], [ 4, 1 ], [ 4, 0 ], [ 3, 0 ], [ 2, 0 ], [ 1, 0 ], [ 0, 0 ], [ 0, 1 ], [ 1, 1 ], [ 1, 2 ], [ 0, 2 ], [ 0, 3 ], [ 0, 4 ], [ 0, 5 ], [ 1, 5 ], [ 1, 4 ], [ 2, 4 ], [ 2, 5 ], [ 3, 5 ], [ 3, 4 ], [ 4, 4 ], [ 5, 4 ], [ 5, 5 ], [ 6, 5 ], [ 6, 4 ], [ 6, 3 ], [ 6, 2 ], [ 5, 2 ], [ 5, 1 ], [ 6, 1 ], [ 6, 0 ] ]
}, {
index: 32,
layout: [ "111111", "121111", "101011", "110110", "111111", "101111", "111111" ],
path: [ [ 1, 1 ], [ 0, 1 ], [ 0, 0 ], [ 1, 0 ], [ 2, 0 ], [ 3, 0 ], [ 3, 1 ], [ 4, 1 ], [ 4, 0 ], [ 5, 0 ], [ 6, 0 ], [ 6, 1 ], [ 6, 2 ], [ 6, 3 ], [ 6, 4 ], [ 6, 5 ], [ 5, 5 ], [ 4, 5 ], [ 4, 4 ], [ 5, 4 ], [ 5, 3 ], [ 5, 2 ], [ 4, 2 ], [ 4, 3 ], [ 3, 3 ], [ 3, 4 ], [ 2, 4 ], [ 2, 5 ], [ 1, 5 ], [ 0, 5 ], [ 0, 4 ], [ 1, 4 ], [ 1, 3 ], [ 0, 3 ], [ 0, 2 ], [ 1, 2 ], [ 2, 2 ] ]
}, {
index: 33,
layout: [ "011111", "111111", "111011", "011111", "101101", "121111", "111111" ],
path: [ [ 5, 1 ], [ 5, 2 ], [ 4, 2 ], [ 4, 3 ], [ 3, 3 ], [ 3, 4 ], [ 2, 4 ], [ 1, 4 ], [ 1, 3 ], [ 1, 2 ], [ 2, 2 ], [ 3, 2 ], [ 3, 1 ], [ 2, 1 ], [ 2, 0 ], [ 1, 0 ], [ 1, 1 ], [ 0, 1 ], [ 0, 2 ], [ 0, 3 ], [ 0, 4 ], [ 0, 5 ], [ 1, 5 ], [ 2, 5 ], [ 3, 5 ], [ 4, 5 ], [ 5, 5 ], [ 6, 5 ], [ 6, 4 ], [ 5, 4 ], [ 5, 3 ], [ 6, 3 ], [ 6, 2 ], [ 6, 1 ], [ 6, 0 ], [ 5, 0 ], [ 4, 0 ] ]
}, {
index: 34,
layout: [ "111011", "111121", "111111", "111110", "011011", "101111", "111111" ],
path: [ [ 1, 4 ], [ 0, 4 ], [ 0, 5 ], [ 1, 5 ], [ 2, 5 ], [ 2, 4 ], [ 3, 4 ], [ 3, 3 ], [ 3, 2 ], [ 2, 2 ], [ 2, 3 ], [ 1, 3 ], [ 1, 2 ], [ 0, 2 ], [ 0, 1 ], [ 0, 0 ], [ 1, 0 ], [ 1, 1 ], [ 2, 1 ], [ 2, 0 ], [ 3, 0 ], [ 3, 1 ], [ 4, 1 ], [ 4, 2 ], [ 5, 2 ], [ 5, 3 ], [ 5, 4 ], [ 4, 4 ], [ 4, 5 ], [ 5, 5 ], [ 6, 5 ], [ 6, 4 ], [ 6, 3 ], [ 6, 2 ], [ 6, 1 ], [ 6, 0 ], [ 5, 0 ] ]
}, {
index: 35,
layout: [ "111111", "111111", "011011", "111101", "111011", "101111", "112111" ],
path: [ [ 6, 2 ], [ 6, 1 ], [ 6, 0 ], [ 5, 0 ], [ 4, 0 ], [ 3, 0 ], [ 3, 1 ], [ 4, 1 ], [ 4, 2 ], [ 5, 2 ], [ 5, 3 ], [ 6, 3 ], [ 6, 4 ], [ 6, 5 ], [ 5, 5 ], [ 5, 4 ], [ 4, 4 ], [ 4, 5 ], [ 3, 5 ], [ 2, 5 ], [ 2, 4 ], [ 1, 4 ], [ 1, 5 ], [ 0, 5 ], [ 0, 4 ], [ 0, 3 ], [ 1, 3 ], [ 1, 2 ], [ 0, 2 ], [ 0, 1 ], [ 0, 0 ], [ 1, 0 ], [ 1, 1 ], [ 2, 1 ], [ 2, 2 ], [ 3, 2 ], [ 3, 3 ] ]
}, {
index: 36,
layout: [ "111011", "111110", "011111", "112111", "101101", "111111", "111111" ],
path: [ [ 3, 2 ], [ 4, 2 ], [ 4, 3 ], [ 3, 3 ], [ 3, 4 ], [ 2, 4 ], [ 2, 5 ], [ 3, 5 ], [ 4, 5 ], [ 5, 5 ], [ 6, 5 ], [ 6, 4 ], [ 5, 4 ], [ 5, 3 ], [ 6, 3 ], [ 6, 2 ], [ 5, 2 ], [ 5, 1 ], [ 6, 1 ], [ 6, 0 ], [ 5, 0 ], [ 4, 0 ], [ 3, 0 ], [ 3, 1 ], [ 2, 1 ], [ 1, 1 ], [ 1, 0 ], [ 0, 0 ], [ 0, 1 ], [ 0, 2 ], [ 1, 2 ], [ 2, 2 ], [ 2, 3 ], [ 1, 3 ], [ 1, 4 ], [ 0, 4 ], [ 0, 5 ] ]
}, {
index: 37,
layout: [ "111011", "111111", "111111", "111110", "101121", "011111", "011111" ],
path: [ [ 4, 4 ], [ 4, 5 ], [ 5, 5 ], [ 6, 5 ], [ 6, 4 ], [ 5, 4 ], [ 5, 3 ], [ 6, 3 ], [ 6, 2 ], [ 6, 1 ], [ 5, 1 ], [ 5, 2 ], [ 4, 2 ], [ 4, 3 ], [ 3, 3 ], [ 3, 4 ], [ 2, 4 ], [ 2, 5 ], [ 1, 5 ], [ 0, 5 ], [ 0, 4 ], [ 1, 4 ], [ 1, 3 ], [ 2, 3 ], [ 2, 2 ], [ 3, 2 ], [ 3, 1 ], [ 2, 1 ], [ 1, 1 ], [ 1, 2 ], [ 0, 2 ], [ 0, 1 ], [ 0, 0 ], [ 1, 0 ], [ 2, 0 ], [ 3, 0 ], [ 4, 0 ] ]
}, {
index: 38,
layout: [ "111111", "100111", "111110", "111110", "111101", "211111", "111111" ],
path: [ [ 5, 0 ], [ 6, 0 ], [ 6, 1 ], [ 5, 1 ], [ 4, 1 ], [ 4, 0 ], [ 3, 0 ], [ 3, 1 ], [ 3, 2 ], [ 2, 2 ], [ 2, 1 ], [ 2, 0 ], [ 1, 0 ], [ 0, 0 ], [ 0, 1 ], [ 0, 2 ], [ 0, 3 ], [ 0, 4 ], [ 0, 5 ], [ 1, 5 ], [ 1, 4 ], [ 1, 3 ], [ 2, 3 ], [ 2, 4 ], [ 3, 4 ], [ 3, 3 ], [ 4, 3 ], [ 4, 2 ], [ 5, 2 ], [ 6, 2 ], [ 6, 3 ], [ 5, 3 ], [ 5, 4 ], [ 6, 4 ], [ 6, 5 ], [ 5, 5 ], [ 4, 5 ] ]
}, {
index: 39,
layout: [ "111111", "100111", "111011", "111111", "110111", "011112", "111111" ],
path: [ [ 5, 5 ], [ 6, 5 ], [ 6, 4 ], [ 5, 4 ], [ 4, 4 ], [ 4, 5 ], [ 3, 5 ], [ 3, 4 ], [ 2, 4 ], [ 2, 5 ], [ 1, 5 ], [ 0, 5 ], [ 0, 4 ], [ 1, 4 ], [ 1, 3 ], [ 0, 3 ], [ 0, 2 ], [ 0, 1 ], [ 0, 0 ], [ 1, 0 ], [ 2, 0 ], [ 3, 0 ], [ 4, 0 ], [ 4, 1 ], [ 3, 1 ], [ 2, 1 ], [ 2, 2 ], [ 3, 2 ], [ 3, 3 ], [ 4, 3 ], [ 5, 3 ], [ 6, 3 ], [ 6, 2 ], [ 5, 2 ], [ 5, 1 ], [ 6, 1 ], [ 6, 0 ] ]
}, {
index: 40,
layout: [ "111121", "111111", "101111", "111110", "110011", "011111", "111111" ],
path: [ [ 0, 4 ], [ 0, 5 ], [ 1, 5 ], [ 2, 5 ], [ 2, 4 ], [ 1, 4 ], [ 1, 3 ], [ 0, 3 ], [ 0, 2 ], [ 1, 2 ], [ 1, 1 ], [ 0, 1 ], [ 0, 0 ], [ 1, 0 ], [ 2, 0 ], [ 3, 0 ], [ 4, 0 ], [ 4, 1 ], [ 3, 1 ], [ 3, 2 ], [ 2, 2 ], [ 2, 3 ], [ 3, 3 ], [ 3, 4 ], [ 4, 4 ], [ 4, 5 ], [ 5, 5 ], [ 6, 5 ], [ 6, 4 ], [ 5, 4 ], [ 5, 3 ], [ 6, 3 ], [ 6, 2 ], [ 5, 2 ], [ 5, 1 ], [ 6, 1 ], [ 6, 0 ] ]
}, {
index: 41,
layout: [ "111111", "111101", "211011", "111110", "111111", "001111", "111111" ],
path: [ [ 2, 0 ], [ 3, 0 ], [ 4, 0 ], [ 4, 1 ], [ 3, 1 ], [ 3, 2 ], [ 2, 2 ], [ 2, 1 ], [ 1, 1 ], [ 1, 0 ], [ 0, 0 ], [ 0, 1 ], [ 0, 2 ], [ 1, 2 ], [ 1, 3 ], [ 0, 3 ], [ 0, 4 ], [ 0, 5 ], [ 1, 5 ], [ 2, 5 ], [ 2, 4 ], [ 3, 4 ], [ 3, 3 ], [ 4, 3 ], [ 4, 2 ], [ 5, 2 ], [ 5, 3 ], [ 5, 4 ], [ 4, 4 ], [ 4, 5 ], [ 5, 5 ], [ 6, 5 ], [ 6, 4 ], [ 6, 3 ], [ 6, 2 ], [ 6, 1 ], [ 6, 0 ] ]
}, {
index: 42,
layout: [ "011111", "111112", "111110", "111111", "011010", "111111", "111111" ],
path: [ [ 1, 5 ], [ 0, 5 ], [ 0, 4 ], [ 0, 3 ], [ 0, 2 ], [ 0, 1 ], [ 1, 1 ], [ 1, 0 ], [ 2, 0 ], [ 3, 0 ], [ 3, 1 ], [ 2, 1 ], [ 2, 2 ], [ 1, 2 ], [ 1, 3 ], [ 1, 4 ], [ 2, 4 ], [ 2, 3 ], [ 3, 3 ], [ 3, 2 ], [ 4, 2 ], [ 4, 1 ], [ 5, 1 ], [ 5, 0 ], [ 6, 0 ], [ 6, 1 ], [ 6, 2 ], [ 5, 2 ], [ 5, 3 ], [ 6, 3 ], [ 6, 4 ], [ 6, 5 ], [ 5, 5 ], [ 5, 4 ], [ 4, 4 ], [ 3, 4 ], [ 3, 5 ] ]
}, {
index: 43,
layout: [ "121111", "111110", "111111", "011111", "111100", "111111", "011111" ],
path: [ [ 0, 1 ], [ 0, 0 ], [ 1, 0 ], [ 2, 0 ], [ 2, 1 ], [ 1, 1 ], [ 1, 2 ], [ 0, 2 ], [ 0, 3 ], [ 1, 3 ], [ 2, 3 ], [ 2, 2 ], [ 3, 2 ], [ 3, 1 ], [ 4, 1 ], [ 4, 0 ], [ 5, 0 ], [ 5, 1 ], [ 6, 1 ], [ 6, 2 ], [ 6, 3 ], [ 6, 4 ], [ 6, 5 ], [ 5, 5 ], [ 5, 4 ], [ 5, 3 ], [ 5, 2 ], [ 4, 2 ], [ 4, 3 ], [ 3, 3 ], [ 3, 4 ], [ 3, 5 ], [ 2, 5 ], [ 2, 4 ], [ 1, 4 ], [ 0, 4 ], [ 0, 5 ] ]
}, {
index: 44,
layout: [ "011011", "111111", "110111", "111101", "112110", "111111", "111111" ],
path: [ [ 4, 2 ], [ 3, 2 ], [ 3, 3 ], [ 4, 3 ], [ 4, 4 ], [ 5, 4 ], [ 5, 5 ], [ 6, 5 ], [ 6, 4 ], [ 6, 3 ], [ 5, 3 ], [ 5, 2 ], [ 6, 2 ], [ 6, 1 ], [ 6, 0 ], [ 5, 0 ], [ 5, 1 ], [ 4, 1 ], [ 4, 0 ], [ 3, 0 ], [ 3, 1 ], [ 2, 1 ], [ 2, 0 ], [ 1, 0 ], [ 1, 1 ], [ 0, 1 ], [ 0, 2 ], [ 1, 2 ], [ 1, 3 ], [ 2, 3 ], [ 2, 4 ], [ 1, 4 ], [ 0, 4 ], [ 0, 5 ], [ 1, 5 ], [ 2, 5 ], [ 3, 5 ] ]
}, {
index: 45,
layout: [ "111111", "111111", "110010", "121111", "111110", "101111", "111111" ],
path: [ [ 3, 1 ], [ 4, 1 ], [ 4, 2 ], [ 3, 2 ], [ 3, 3 ], [ 4, 3 ], [ 4, 4 ], [ 5, 4 ], [ 5, 5 ], [ 6, 5 ], [ 6, 4 ], [ 6, 3 ], [ 5, 3 ], [ 5, 2 ], [ 6, 2 ], [ 6, 1 ], [ 6, 0 ], [ 5, 0 ], [ 4, 0 ], [ 3, 0 ], [ 2, 0 ], [ 2, 1 ], [ 1, 1 ], [ 1, 0 ], [ 0, 0 ], [ 0, 1 ], [ 0, 2 ], [ 1, 2 ], [ 1, 3 ], [ 0, 3 ], [ 0, 4 ], [ 0, 5 ], [ 1, 5 ], [ 1, 4 ], [ 2, 4 ], [ 3, 4 ], [ 3, 5 ] ]
}, {
index: 46,
layout: [ "111201", "110111", "111111", "111111", "010110", "111111", "111111" ],
path: [ [ 0, 3 ], [ 0, 2 ], [ 0, 1 ], [ 0, 0 ], [ 1, 0 ], [ 1, 1 ], [ 2, 1 ], [ 2, 0 ], [ 3, 0 ], [ 3, 1 ], [ 4, 1 ], [ 5, 1 ], [ 5, 0 ], [ 6, 0 ], [ 6, 1 ], [ 6, 2 ], [ 5, 2 ], [ 5, 3 ], [ 6, 3 ], [ 6, 4 ], [ 6, 5 ], [ 5, 5 ], [ 5, 4 ], [ 4, 4 ], [ 4, 3 ], [ 3, 3 ], [ 3, 2 ], [ 2, 2 ], [ 2, 3 ], [ 1, 3 ], [ 1, 4 ], [ 2, 4 ], [ 3, 4 ], [ 3, 5 ], [ 2, 5 ], [ 1, 5 ], [ 0, 5 ] ]
}, {
index: 47,
layout: [ "111111", "111111", "110110", "101111", "111011", "011111", "112111" ],
path: [ [ 6, 2 ], [ 6, 3 ], [ 6, 4 ], [ 6, 5 ], [ 5, 5 ], [ 4, 5 ], [ 3, 5 ], [ 3, 4 ], [ 4, 4 ], [ 5, 4 ], [ 5, 3 ], [ 5, 2 ], [ 4, 2 ], [ 3, 2 ], [ 3, 3 ], [ 2, 3 ], [ 2, 4 ], [ 1, 4 ], [ 1, 5 ], [ 0, 5 ], [ 0, 4 ], [ 0, 3 ], [ 1, 3 ], [ 1, 2 ], [ 0, 2 ], [ 0, 1 ], [ 0, 0 ], [ 1, 0 ], [ 1, 1 ], [ 2, 1 ], [ 2, 0 ], [ 3, 0 ], [ 4, 0 ], [ 4, 1 ], [ 5, 1 ], [ 6, 1 ], [ 6, 0 ] ]
}, {
index: 48,
layout: [ "111111", "111111", "102100", "111111", "111101", "011111", "111111" ],
path: [ [ 2, 2 ], [ 2, 3 ], [ 1, 3 ], [ 1, 4 ], [ 1, 5 ], [ 0, 5 ], [ 0, 4 ], [ 0, 3 ], [ 0, 2 ], [ 1, 2 ], [ 1, 1 ], [ 0, 1 ], [ 0, 0 ], [ 1, 0 ], [ 2, 0 ], [ 3, 0 ], [ 4, 0 ], [ 4, 1 ], [ 3, 1 ], [ 3, 2 ], [ 4, 2 ], [ 4, 3 ], [ 3, 3 ], [ 3, 4 ], [ 3, 5 ], [ 4, 5 ], [ 5, 5 ], [ 6, 5 ], [ 6, 4 ], [ 5, 4 ], [ 5, 3 ], [ 6, 3 ], [ 6, 2 ], [ 5, 2 ], [ 5, 1 ], [ 6, 1 ], [ 6, 0 ] ]
}, {
index: 49,
layout: [ "101111", "111111", "111101", "110111", "111100", "111111", "211111" ],
path: [ [ 6, 0 ], [ 6, 1 ], [ 6, 2 ], [ 6, 3 ], [ 6, 4 ], [ 6, 5 ], [ 5, 5 ], [ 5, 4 ], [ 5, 3 ], [ 4, 3 ], [ 4, 2 ], [ 5, 2 ], [ 5, 1 ], [ 5, 0 ], [ 4, 0 ], [ 4, 1 ], [ 3, 1 ], [ 3, 0 ], [ 2, 0 ], [ 2, 1 ], [ 2, 2 ], [ 2, 3 ], [ 3, 3 ], [ 3, 4 ], [ 3, 5 ], [ 2, 5 ], [ 1, 5 ], [ 0, 5 ], [ 0, 4 ], [ 1, 4 ], [ 1, 3 ], [ 0, 3 ], [ 0, 2 ], [ 1, 2 ], [ 1, 1 ], [ 1, 0 ], [ 0, 0 ] ]
}, {
index: 50,
layout: [ "211111", "110111", "111110", "111111", "111100", "101111", "111111" ],
path: [ [ 0, 0 ], [ 1, 0 ], [ 2, 0 ], [ 3, 0 ], [ 3, 1 ], [ 4, 1 ], [ 4, 0 ], [ 5, 0 ], [ 6, 0 ], [ 6, 1 ], [ 6, 2 ], [ 6, 3 ], [ 6, 4 ], [ 6, 5 ], [ 5, 5 ], [ 5, 4 ], [ 5, 3 ], [ 5, 2 ], [ 4, 2 ], [ 4, 3 ], [ 3, 3 ], [ 3, 2 ], [ 2, 2 ], [ 2, 1 ], [ 1, 1 ], [ 0, 1 ], [ 0, 2 ], [ 0, 3 ], [ 0, 4 ], [ 0, 5 ], [ 1, 5 ], [ 1, 4 ], [ 1, 3 ], [ 2, 3 ], [ 2, 4 ], [ 3, 4 ], [ 3, 5 ] ]
}, {
index: 51,
layout: [ "101110", "111111", "111111", "111211", "110001", "111111", "111111" ],
path: [ [ 3, 3 ], [ 3, 2 ], [ 2, 2 ], [ 2, 3 ], [ 1, 3 ], [ 1, 2 ], [ 0, 2 ], [ 0, 3 ], [ 0, 4 ], [ 1, 4 ], [ 1, 5 ], [ 2, 5 ], [ 2, 4 ], [ 3, 4 ], [ 3, 5 ], [ 4, 5 ], [ 5, 5 ], [ 6, 5 ], [ 6, 4 ], [ 5, 4 ], [ 5, 3 ], [ 6, 3 ], [ 6, 2 ], [ 5, 2 ], [ 5, 1 ], [ 6, 1 ], [ 6, 0 ], [ 5, 0 ], [ 4, 0 ], [ 4, 1 ], [ 3, 1 ], [ 3, 0 ], [ 2, 0 ], [ 2, 1 ], [ 1, 1 ], [ 1, 0 ], [ 0, 0 ] ]
}, {
index: 52,
layout: [ "111111", "101100", "121111", "111111", "101101", "111111", "111111" ],
path: [ [ 2, 1 ], [ 3, 1 ], [ 3, 2 ], [ 4, 2 ], [ 4, 3 ], [ 3, 3 ], [ 3, 4 ], [ 2, 4 ], [ 2, 5 ], [ 3, 5 ], [ 4, 5 ], [ 5, 5 ], [ 6, 5 ], [ 6, 4 ], [ 5, 4 ], [ 5, 3 ], [ 6, 3 ], [ 6, 2 ], [ 5, 2 ], [ 5, 1 ], [ 6, 1 ], [ 6, 0 ], [ 5, 0 ], [ 4, 0 ], [ 3, 0 ], [ 2, 0 ], [ 1, 0 ], [ 0, 0 ], [ 0, 1 ], [ 0, 2 ], [ 1, 2 ], [ 2, 2 ], [ 2, 3 ], [ 1, 3 ], [ 0, 3 ], [ 0, 4 ], [ 0, 5 ] ]
}, {
index: 53,
layout: [ "111101", "111101", "101111", "111111", "111111", "102011", "111111" ],
path: [ [ 5, 2 ], [ 4, 2 ], [ 4, 3 ], [ 3, 3 ], [ 3, 2 ], [ 2, 2 ], [ 2, 3 ], [ 1, 3 ], [ 0, 3 ], [ 0, 2 ], [ 1, 2 ], [ 1, 1 ], [ 0, 1 ], [ 0, 0 ], [ 1, 0 ], [ 2, 0 ], [ 3, 0 ], [ 3, 1 ], [ 4, 1 ], [ 4, 0 ], [ 5, 0 ], [ 6, 0 ], [ 6, 1 ], [ 6, 2 ], [ 6, 3 ], [ 6, 4 ], [ 6, 5 ], [ 5, 5 ], [ 5, 4 ], [ 4, 4 ], [ 4, 5 ], [ 3, 5 ], [ 3, 4 ], [ 2, 4 ], [ 2, 5 ], [ 1, 5 ], [ 0, 5 ] ]
}, {
index: 54,
layout: [ "111111", "111211", "110010", "111111", "110110", "111111", "111111" ],
path: [ [ 1, 3 ], [ 1, 2 ], [ 1, 1 ], [ 2, 1 ], [ 3, 1 ], [ 3, 2 ], [ 3, 3 ], [ 4, 3 ], [ 4, 4 ], [ 5, 4 ], [ 5, 5 ], [ 6, 5 ], [ 6, 4 ], [ 6, 3 ], [ 5, 3 ], [ 5, 2 ], [ 6, 2 ], [ 6, 1 ], [ 6, 0 ], [ 5, 0 ], [ 5, 1 ], [ 4, 1 ], [ 4, 0 ], [ 3, 0 ], [ 2, 0 ], [ 1, 0 ], [ 0, 0 ], [ 0, 1 ], [ 0, 2 ], [ 0, 3 ], [ 0, 4 ], [ 0, 5 ], [ 1, 5 ], [ 1, 4 ], [ 2, 4 ], [ 3, 4 ], [ 3, 5 ] ]
}, {
index: 55,
layout: [ "111001", "111121", "111111", "111111", "011110", "111011", "111111" ],
path: [ [ 1, 4 ], [ 1, 3 ], [ 1, 2 ], [ 0, 2 ], [ 0, 1 ], [ 0, 0 ], [ 1, 0 ], [ 1, 1 ], [ 2, 1 ], [ 2, 0 ], [ 3, 0 ], [ 3, 1 ], [ 4, 1 ], [ 4, 2 ], [ 5, 2 ], [ 5, 1 ], [ 5, 0 ], [ 6, 0 ], [ 6, 1 ], [ 6, 2 ], [ 6, 3 ], [ 6, 4 ], [ 6, 5 ], [ 5, 5 ], [ 5, 4 ], [ 4, 4 ], [ 4, 3 ], [ 3, 3 ], [ 3, 2 ], [ 2, 2 ], [ 2, 3 ], [ 2, 4 ], [ 3, 4 ], [ 3, 5 ], [ 2, 5 ], [ 1, 5 ], [ 0, 5 ] ]
}, {
index: 56,
layout: [ "110111", "111111", "211111", "011111", "101100", "111111", "111111" ],
path: [ [ 2, 0 ], [ 1, 0 ], [ 0, 0 ], [ 0, 1 ], [ 1, 1 ], [ 1, 2 ], [ 1, 3 ], [ 0, 3 ], [ 0, 4 ], [ 0, 5 ], [ 1, 5 ], [ 1, 4 ], [ 2, 4 ], [ 2, 5 ], [ 3, 5 ], [ 3, 4 ], [ 3, 3 ], [ 2, 3 ], [ 2, 2 ], [ 2, 1 ], [ 3, 1 ], [ 3, 2 ], [ 4, 2 ], [ 4, 3 ], [ 5, 3 ], [ 5, 4 ], [ 5, 5 ], [ 6, 5 ], [ 6, 4 ], [ 6, 3 ], [ 6, 2 ], [ 5, 2 ], [ 5, 1 ], [ 6, 1 ], [ 6, 0 ], [ 5, 0 ], [ 4, 0 ] ]
}, {
index: 57,
layout: [ "111111", "111111", "101111", "112110", "011001", "111111", "111111" ],
path: [ [ 3, 2 ], [ 2, 2 ], [ 2, 3 ], [ 3, 3 ], [ 3, 4 ], [ 2, 4 ], [ 2, 5 ], [ 1, 5 ], [ 0, 5 ], [ 0, 4 ], [ 1, 4 ], [ 1, 3 ], [ 0, 3 ], [ 0, 2 ], [ 1, 2 ], [ 1, 1 ], [ 0, 1 ], [ 0, 0 ], [ 1, 0 ], [ 2, 0 ], [ 3, 0 ], [ 3, 1 ], [ 4, 1 ], [ 4, 2 ], [ 5, 2 ], [ 5, 1 ], [ 5, 0 ], [ 6, 0 ], [ 6, 1 ], [ 6, 2 ], [ 6, 3 ], [ 5, 3 ], [ 5, 4 ], [ 6, 4 ], [ 6, 5 ], [ 5, 5 ], [ 4, 5 ] ]
}, {
index: 58,
layout: [ "111011", "111111", "110111", "111011", "111110", "011111", "111121" ],
path: [ [ 6, 4 ], [ 6, 5 ], [ 5, 5 ], [ 5, 4 ], [ 4, 4 ], [ 3, 4 ], [ 3, 5 ], [ 2, 5 ], [ 1, 5 ], [ 0, 5 ], [ 0, 4 ], [ 1, 4 ], [ 2, 4 ], [ 2, 3 ], [ 1, 3 ], [ 1, 2 ], [ 0, 2 ], [ 0, 1 ], [ 0, 0 ], [ 1, 0 ], [ 1, 1 ], [ 2, 1 ], [ 2, 0 ], [ 3, 0 ], [ 4, 0 ], [ 4, 1 ], [ 3, 1 ], [ 3, 2 ], [ 4, 2 ], [ 4, 3 ], [ 5, 3 ], [ 6, 3 ], [ 6, 2 ], [ 5, 2 ], [ 5, 1 ], [ 6, 1 ], [ 6, 0 ] ]
}, {
index: 59,
layout: [ "121111", "111101", "111111", "111110", "001101", "111111", "111111" ],
path: [ [ 0, 1 ], [ 0, 0 ], [ 1, 0 ], [ 1, 1 ], [ 2, 1 ], [ 2, 0 ], [ 3, 0 ], [ 3, 1 ], [ 3, 2 ], [ 2, 2 ], [ 2, 3 ], [ 1, 3 ], [ 1, 2 ], [ 0, 2 ], [ 0, 3 ], [ 0, 4 ], [ 0, 5 ], [ 1, 5 ], [ 2, 5 ], [ 2, 4 ], [ 3, 4 ], [ 3, 3 ], [ 4, 3 ], [ 4, 2 ], [ 5, 2 ], [ 5, 1 ], [ 5, 0 ], [ 6, 0 ], [ 6, 1 ], [ 6, 2 ], [ 6, 3 ], [ 5, 3 ], [ 5, 4 ], [ 6, 4 ], [ 6, 5 ], [ 5, 5 ], [ 4, 5 ] ]
}, {
index: 60,
layout: [ "111011", "111111", "011111", "101101", "111101", "111111", "121111" ],
path: [ [ 6, 1 ], [ 6, 0 ], [ 5, 0 ], [ 5, 1 ], [ 5, 2 ], [ 6, 2 ], [ 6, 3 ], [ 5, 3 ], [ 5, 4 ], [ 6, 4 ], [ 6, 5 ], [ 5, 5 ], [ 4, 5 ], [ 3, 5 ], [ 2, 5 ], [ 1, 5 ], [ 0, 5 ], [ 0, 4 ], [ 1, 4 ], [ 2, 4 ], [ 2, 3 ], [ 1, 3 ], [ 1, 2 ], [ 0, 2 ], [ 0, 1 ], [ 0, 0 ], [ 1, 0 ], [ 1, 1 ], [ 2, 1 ], [ 2, 2 ], [ 3, 2 ], [ 3, 3 ], [ 4, 3 ], [ 4, 2 ], [ 4, 1 ], [ 4, 0 ], [ 3, 0 ] ]
}, {
index: 61,
layout: [ "111011", "011111", "111111", "112110", "111111", "111111", "011111" ],
path: [ [ 3, 2 ], [ 2, 2 ], [ 2, 3 ], [ 1, 3 ], [ 1, 4 ], [ 0, 4 ], [ 0, 5 ], [ 1, 5 ], [ 2, 5 ], [ 2, 4 ], [ 3, 4 ], [ 3, 3 ], [ 4, 3 ], [ 4, 2 ], [ 5, 2 ], [ 5, 3 ], [ 5, 4 ], [ 4, 4 ], [ 4, 5 ], [ 5, 5 ], [ 6, 5 ], [ 6, 4 ], [ 6, 3 ], [ 6, 2 ], [ 6, 1 ], [ 5, 1 ], [ 5, 0 ], [ 4, 0 ], [ 4, 1 ], [ 3, 1 ], [ 3, 0 ], [ 2, 0 ], [ 2, 1 ], [ 1, 1 ], [ 1, 2 ], [ 0, 2 ], [ 0, 1 ], [ 0, 0 ] ]
}, {
index: 62,
layout: [ "112111", "111111", "011111", "111111", "011110", "110111", "111111" ],
path: [ [ 0, 2 ], [ 0, 1 ], [ 0, 0 ], [ 1, 0 ], [ 1, 1 ], [ 1, 2 ], [ 1, 3 ], [ 0, 3 ], [ 0, 4 ], [ 0, 5 ], [ 1, 5 ], [ 1, 4 ], [ 2, 4 ], [ 2, 5 ], [ 3, 5 ], [ 3, 4 ], [ 4, 4 ], [ 4, 3 ], [ 5, 3 ], [ 5, 4 ], [ 5, 5 ], [ 6, 5 ], [ 6, 4 ], [ 6, 3 ], [ 6, 2 ], [ 6, 1 ], [ 6, 0 ], [ 5, 0 ], [ 5, 1 ], [ 4, 1 ], [ 4, 2 ], [ 3, 2 ], [ 3, 3 ], [ 2, 3 ], [ 2, 2 ], [ 2, 1 ], [ 3, 1 ], [ 3, 0 ] ]
}, {
index: 63,
layout: [ "111111", "111110", "111111", "011111", "111011", "101111", "111121" ],
path: [ [ 6, 4 ], [ 6, 5 ], [ 5, 5 ], [ 5, 4 ], [ 4, 4 ], [ 4, 5 ], [ 3, 5 ], [ 2, 5 ], [ 2, 4 ], [ 3, 4 ], [ 3, 3 ], [ 2, 3 ], [ 2, 2 ], [ 3, 2 ], [ 4, 2 ], [ 5, 2 ], [ 5, 3 ], [ 6, 3 ], [ 6, 2 ], [ 6, 1 ], [ 6, 0 ], [ 5, 0 ], [ 4, 0 ], [ 4, 1 ], [ 3, 1 ], [ 2, 1 ], [ 2, 0 ], [ 1, 0 ], [ 0, 0 ], [ 0, 1 ], [ 1, 1 ], [ 1, 2 ], [ 0, 2 ], [ 0, 3 ], [ 1, 3 ], [ 1, 4 ], [ 0, 4 ], [ 0, 5 ] ]
}, {
index: 64,
layout: [ "101211", "111111", "111111", "111111", "010110", "111111", "111111" ],
path: [ [ 0, 3 ], [ 0, 2 ], [ 1, 2 ], [ 1, 3 ], [ 1, 4 ], [ 0, 4 ], [ 0, 5 ], [ 1, 5 ], [ 2, 5 ], [ 3, 5 ], [ 3, 4 ], [ 2, 4 ], [ 2, 3 ], [ 2, 2 ], [ 3, 2 ], [ 3, 3 ], [ 4, 3 ], [ 4, 4 ], [ 5, 4 ], [ 5, 5 ], [ 6, 5 ], [ 6, 4 ], [ 6, 3 ], [ 5, 3 ], [ 5, 2 ], [ 6, 2 ], [ 6, 1 ], [ 6, 0 ], [ 5, 0 ], [ 5, 1 ], [ 4, 1 ], [ 3, 1 ], [ 3, 0 ], [ 2, 0 ], [ 2, 1 ], [ 1, 1 ], [ 1, 0 ], [ 0, 0 ] ]
}, {
index: 65,
layout: [ "111101", "101111", "111111", "111101", "111011", "121111", "111111" ],
path: [ [ 5, 1 ], [ 4, 1 ], [ 4, 2 ], [ 3, 2 ], [ 3, 3 ], [ 2, 3 ], [ 2, 2 ], [ 1, 2 ], [ 1, 3 ], [ 0, 3 ], [ 0, 2 ], [ 0, 1 ], [ 0, 0 ], [ 1, 0 ], [ 2, 0 ], [ 2, 1 ], [ 3, 1 ], [ 3, 0 ], [ 4, 0 ], [ 5, 0 ], [ 6, 0 ], [ 6, 1 ], [ 6, 2 ], [ 5, 2 ], [ 5, 3 ], [ 6, 3 ], [ 6, 4 ], [ 6, 5 ], [ 5, 5 ], [ 5, 4 ], [ 4, 4 ], [ 4, 5 ], [ 3, 5 ], [ 2, 5 ], [ 2, 4 ], [ 1, 4 ], [ 1, 5 ], [ 0, 5 ] ]
}, {
index: 66,
layout: [ "010111", "111111", "111111", "111111", "101110", "111211", "111111" ],
path: [ [ 5, 3 ], [ 4, 3 ], [ 4, 2 ], [ 3, 2 ], [ 3, 3 ], [ 2, 3 ], [ 2, 2 ], [ 1, 2 ], [ 1, 3 ], [ 0, 3 ], [ 0, 4 ], [ 0, 5 ], [ 1, 5 ], [ 1, 4 ], [ 2, 4 ], [ 2, 5 ], [ 3, 5 ], [ 3, 4 ], [ 4, 4 ], [ 5, 4 ], [ 5, 5 ], [ 6, 5 ], [ 6, 4 ], [ 6, 3 ], [ 6, 2 ], [ 5, 2 ], [ 5, 1 ], [ 6, 1 ], [ 6, 0 ], [ 5, 0 ], [ 4, 0 ], [ 3, 0 ], [ 3, 1 ], [ 2, 1 ], [ 2, 0 ], [ 1, 0 ], [ 1, 1 ], [ 0, 1 ] ]
}, {
index: 67,
layout: [ "111101", "101111", "111111", "111111", "111010", "111111", "211111" ],
path: [ [ 6, 0 ], [ 5, 0 ], [ 4, 0 ], [ 3, 0 ], [ 3, 1 ], [ 2, 1 ], [ 2, 0 ], [ 1, 0 ], [ 0, 0 ], [ 0, 1 ], [ 0, 2 ], [ 0, 3 ], [ 1, 3 ], [ 1, 2 ], [ 2, 2 ], [ 2, 3 ], [ 3, 3 ], [ 3, 2 ], [ 4, 2 ], [ 4, 1 ], [ 5, 1 ], [ 6, 1 ], [ 6, 2 ], [ 5, 2 ], [ 5, 3 ], [ 6, 3 ], [ 6, 4 ], [ 6, 5 ], [ 5, 5 ], [ 5, 4 ], [ 4, 4 ], [ 3, 4 ], [ 3, 5 ], [ 2, 5 ], [ 2, 4 ], [ 1, 4 ], [ 1, 5 ], [ 0, 5 ] ]
}, {
index: 68,
layout: [ "101111", "101111", "111112", "111111", "011110", "111111", "111111" ],
path: [ [ 2, 5 ], [ 3, 5 ], [ 3, 4 ], [ 2, 4 ], [ 1, 4 ], [ 1, 5 ], [ 0, 5 ], [ 0, 4 ], [ 0, 3 ], [ 0, 2 ], [ 1, 2 ], [ 1, 3 ], [ 2, 3 ], [ 3, 3 ], [ 4, 3 ], [ 4, 4 ], [ 5, 4 ], [ 5, 5 ], [ 6, 5 ], [ 6, 4 ], [ 6, 3 ], [ 5, 3 ], [ 5, 2 ], [ 6, 2 ], [ 6, 1 ], [ 6, 0 ], [ 5, 0 ], [ 5, 1 ], [ 4, 1 ], [ 4, 2 ], [ 3, 2 ], [ 2, 2 ], [ 2, 1 ], [ 3, 1 ], [ 3, 0 ], [ 2, 0 ], [ 1, 0 ], [ 0, 0 ] ]
}, {
index: 69,
layout: [ "111111", "011111", "111111", "211110", "111011", "101111", "111111" ],
path: [ [ 3, 0 ], [ 2, 0 ], [ 2, 1 ], [ 3, 1 ], [ 4, 1 ], [ 4, 0 ], [ 5, 0 ], [ 6, 0 ], [ 6, 1 ], [ 6, 2 ], [ 6, 3 ], [ 6, 4 ], [ 6, 5 ], [ 5, 5 ], [ 4, 5 ], [ 4, 4 ], [ 5, 4 ], [ 5, 3 ], [ 5, 2 ], [ 4, 2 ], [ 3, 2 ], [ 2, 2 ], [ 2, 3 ], [ 3, 3 ], [ 3, 4 ], [ 2, 4 ], [ 2, 5 ], [ 1, 5 ], [ 0, 5 ], [ 0, 4 ], [ 1, 4 ], [ 1, 3 ], [ 0, 3 ], [ 0, 2 ], [ 1, 2 ], [ 1, 1 ], [ 0, 1 ], [ 0, 0 ] ]
}, {
index: 70,
layout: [ "111111", "101111", "101211", "011111", "111101", "111111", "111111" ],
path: [ [ 2, 3 ], [ 2, 2 ], [ 1, 2 ], [ 1, 3 ], [ 1, 4 ], [ 2, 4 ], [ 3, 4 ], [ 3, 3 ], [ 4, 3 ], [ 4, 2 ], [ 3, 2 ], [ 3, 1 ], [ 4, 1 ], [ 4, 0 ], [ 5, 0 ], [ 6, 0 ], [ 6, 1 ], [ 5, 1 ], [ 5, 2 ], [ 6, 2 ], [ 6, 3 ], [ 5, 3 ], [ 5, 4 ], [ 6, 4 ], [ 6, 5 ], [ 5, 5 ], [ 4, 5 ], [ 3, 5 ], [ 2, 5 ], [ 1, 5 ], [ 0, 5 ], [ 0, 4 ], [ 0, 3 ], [ 0, 2 ], [ 0, 1 ], [ 0, 0 ], [ 1, 0 ], [ 2, 0 ] ]
}, {
index: 71,
layout: [ "011111", "211111", "111111", "011110", "101111", "111111", "111111" ],
path: [ [ 1, 0 ], [ 2, 0 ], [ 2, 1 ], [ 3, 1 ], [ 3, 2 ], [ 4, 2 ], [ 4, 3 ], [ 3, 3 ], [ 2, 3 ], [ 2, 2 ], [ 1, 2 ], [ 1, 1 ], [ 0, 1 ], [ 0, 2 ], [ 0, 3 ], [ 1, 3 ], [ 1, 4 ], [ 0, 4 ], [ 0, 5 ], [ 1, 5 ], [ 2, 5 ], [ 2, 4 ], [ 3, 4 ], [ 4, 4 ], [ 4, 5 ], [ 5, 5 ], [ 6, 5 ], [ 6, 4 ], [ 5, 4 ], [ 5, 3 ], [ 6, 3 ], [ 6, 2 ], [ 5, 2 ], [ 5, 1 ], [ 6, 1 ], [ 6, 0 ], [ 5, 0 ], [ 4, 0 ] ]
}, {
index: 72,
layout: [ "111111", "121101", "011111", "111111", "011110", "111111", "111111" ],
path: [ [ 1, 1 ], [ 1, 0 ], [ 0, 0 ], [ 0, 1 ], [ 0, 2 ], [ 1, 2 ], [ 1, 3 ], [ 0, 3 ], [ 0, 4 ], [ 0, 5 ], [ 1, 5 ], [ 2, 5 ], [ 3, 5 ], [ 3, 4 ], [ 2, 4 ], [ 2, 3 ], [ 3, 3 ], [ 4, 3 ], [ 4, 4 ], [ 5, 4 ], [ 5, 5 ], [ 6, 5 ], [ 6, 4 ], [ 6, 3 ], [ 5, 3 ], [ 5, 2 ], [ 6, 2 ], [ 6, 1 ], [ 6, 0 ], [ 5, 0 ], [ 5, 1 ], [ 4, 1 ], [ 4, 2 ], [ 3, 2 ], [ 2, 2 ], [ 2, 1 ], [ 3, 1 ], [ 3, 0 ] ]
}, {
index: 73,
layout: [ "111011", "110111", "111111", "111111", "110201", "111111", "111111" ],
path: [ [ 4, 3 ], [ 3, 3 ], [ 3, 2 ], [ 2, 2 ], [ 2, 3 ], [ 1, 3 ], [ 1, 4 ], [ 0, 4 ], [ 0, 5 ], [ 1, 5 ], [ 2, 5 ], [ 2, 4 ], [ 3, 4 ], [ 3, 5 ], [ 4, 5 ], [ 5, 5 ], [ 6, 5 ], [ 6, 4 ], [ 5, 4 ], [ 5, 3 ], [ 6, 3 ], [ 6, 2 ], [ 5, 2 ], [ 5, 1 ], [ 6, 1 ], [ 6, 0 ], [ 5, 0 ], [ 4, 0 ], [ 4, 1 ], [ 3, 1 ], [ 3, 0 ], [ 2, 0 ], [ 2, 1 ], [ 1, 1 ], [ 1, 0 ], [ 0, 0 ], [ 0, 1 ], [ 0, 2 ] ]
}, {
index: 74,
layout: [ "111121", "111101", "111111", "011110", "111101", "111111", "111111" ],
path: [ [ 0, 4 ], [ 0, 5 ], [ 1, 5 ], [ 2, 5 ], [ 2, 4 ], [ 3, 4 ], [ 3, 3 ], [ 4, 3 ], [ 4, 2 ], [ 3, 2 ], [ 2, 2 ], [ 2, 3 ], [ 1, 3 ], [ 0, 3 ], [ 0, 2 ], [ 1, 2 ], [ 1, 1 ], [ 0, 1 ], [ 0, 0 ], [ 1, 0 ], [ 2, 0 ], [ 2, 1 ], [ 3, 1 ], [ 4, 1 ], [ 4, 0 ], [ 5, 0 ], [ 6, 0 ], [ 6, 1 ], [ 5, 1 ], [ 5, 2 ], [ 6, 2 ], [ 6, 3 ], [ 5, 3 ], [ 5, 4 ], [ 6, 4 ], [ 6, 5 ], [ 5, 5 ], [ 4, 5 ] ]
}, {
index: 75,
layout: [ "121111", "111111", "011110", "111111", "111110", "101111", "111111" ],
path: [ [ 0, 1 ], [ 0, 0 ], [ 1, 0 ], [ 1, 1 ], [ 2, 1 ], [ 2, 2 ], [ 3, 2 ], [ 4, 2 ], [ 4, 1 ], [ 3, 1 ], [ 3, 0 ], [ 4, 0 ], [ 5, 0 ], [ 6, 0 ], [ 6, 1 ], [ 6, 2 ], [ 5, 2 ], [ 5, 3 ], [ 6, 3 ], [ 6, 4 ], [ 6, 5 ], [ 5, 5 ], [ 5, 4 ], [ 4, 4 ], [ 4, 3 ], [ 3, 3 ], [ 2, 3 ], [ 1, 3 ], [ 1, 2 ], [ 0, 2 ], [ 0, 3 ], [ 0, 4 ], [ 0, 5 ], [ 1, 5 ], [ 1, 4 ], [ 2, 4 ], [ 3, 4 ], [ 3, 5 ] ]
}, {
index: 76,
layout: [ "111011", "111110", "110111", "111112", "101111", "111111", "111111" ],
path: [ [ 3, 5 ], [ 2, 5 ], [ 2, 4 ], [ 3, 4 ], [ 4, 4 ], [ 4, 5 ], [ 5, 5 ], [ 6, 5 ], [ 6, 4 ], [ 5, 4 ], [ 5, 3 ], [ 6, 3 ], [ 6, 2 ], [ 5, 2 ], [ 5, 1 ], [ 6, 1 ], [ 6, 0 ], [ 5, 0 ], [ 4, 0 ], [ 3, 0 ], [ 2, 0 ], [ 1, 0 ], [ 0, 0 ], [ 0, 1 ], [ 0, 2 ], [ 1, 2 ], [ 1, 1 ], [ 2, 1 ], [ 3, 1 ], [ 3, 2 ], [ 4, 2 ], [ 4, 3 ], [ 3, 3 ], [ 2, 3 ], [ 1, 3 ], [ 1, 4 ], [ 0, 4 ], [ 0, 5 ] ]
}, {
index: 77,
layout: [ "111111", "111111", "111111", "011110", "101111", "101111", "111211" ],
path: [ [ 6, 3 ], [ 5, 3 ], [ 5, 4 ], [ 6, 4 ], [ 6, 5 ], [ 5, 5 ], [ 4, 5 ], [ 4, 4 ], [ 3, 4 ], [ 2, 4 ], [ 2, 5 ], [ 1, 5 ], [ 0, 5 ], [ 0, 4 ], [ 1, 4 ], [ 1, 3 ], [ 0, 3 ], [ 0, 2 ], [ 1, 2 ], [ 1, 1 ], [ 0, 1 ], [ 0, 0 ], [ 1, 0 ], [ 2, 0 ], [ 2, 1 ], [ 3, 1 ], [ 3, 2 ], [ 2, 2 ], [ 2, 3 ], [ 3, 3 ], [ 4, 3 ], [ 4, 2 ], [ 5, 2 ], [ 6, 2 ], [ 6, 1 ], [ 6, 0 ], [ 5, 0 ], [ 4, 0 ] ]
}, {
index: 78,
layout: [ "111101", "111101", "111111", "011210", "111111", "111111", "111111" ],
path: [ [ 3, 3 ], [ 4, 3 ], [ 4, 2 ], [ 3, 2 ], [ 2, 2 ], [ 2, 3 ], [ 1, 3 ], [ 0, 3 ], [ 0, 2 ], [ 1, 2 ], [ 1, 1 ], [ 0, 1 ], [ 0, 0 ], [ 1, 0 ], [ 2, 0 ], [ 2, 1 ], [ 3, 1 ], [ 4, 1 ], [ 4, 0 ], [ 5, 0 ], [ 6, 0 ], [ 6, 1 ], [ 5, 1 ], [ 5, 2 ], [ 6, 2 ], [ 6, 3 ], [ 5, 3 ], [ 5, 4 ], [ 6, 4 ], [ 6, 5 ], [ 5, 5 ], [ 4, 5 ], [ 4, 4 ], [ 3, 4 ], [ 2, 4 ], [ 2, 5 ], [ 1, 5 ], [ 0, 5 ] ]
}, {
index: 79,
layout: [ "011111", "111111", "111110", "111111", "011110", "111121", "111111" ],
path: [ [ 5, 4 ], [ 5, 5 ], [ 6, 5 ], [ 6, 4 ], [ 6, 3 ], [ 5, 3 ], [ 5, 2 ], [ 6, 2 ], [ 6, 1 ], [ 6, 0 ], [ 5, 0 ], [ 5, 1 ], [ 4, 1 ], [ 4, 2 ], [ 3, 2 ], [ 2, 2 ], [ 2, 1 ], [ 3, 1 ], [ 3, 0 ], [ 2, 0 ], [ 1, 0 ], [ 1, 1 ], [ 0, 1 ], [ 0, 2 ], [ 1, 2 ], [ 1, 3 ], [ 0, 3 ], [ 0, 4 ], [ 0, 5 ], [ 1, 5 ], [ 1, 4 ], [ 2, 4 ], [ 2, 3 ], [ 3, 3 ], [ 4, 3 ], [ 4, 4 ], [ 3, 4 ], [ 3, 5 ] ]
}, {
index: 80,
layout: [ "101111", "101111", "111111", "112110", "101111", "111111", "111111" ],
path: [ [ 3, 2 ], [ 4, 2 ], [ 4, 3 ], [ 3, 3 ], [ 2, 3 ], [ 2, 2 ], [ 1, 2 ], [ 0, 2 ], [ 0, 3 ], [ 1, 3 ], [ 1, 4 ], [ 0, 4 ], [ 0, 5 ], [ 1, 5 ], [ 2, 5 ], [ 2, 4 ], [ 3, 4 ], [ 4, 4 ], [ 4, 5 ], [ 5, 5 ], [ 6, 5 ], [ 6, 4 ], [ 5, 4 ], [ 5, 3 ], [ 6, 3 ], [ 6, 2 ], [ 5, 2 ], [ 5, 1 ], [ 6, 1 ], [ 6, 0 ], [ 5, 0 ], [ 4, 0 ], [ 3, 0 ], [ 3, 1 ], [ 2, 1 ], [ 2, 0 ], [ 1, 0 ], [ 0, 0 ] ]
}, {
index: 81,
layout: [ "112101", "111111", "111011", "011111", "111101", "111111", "111111" ],
path: [ [ 0, 2 ], [ 0, 3 ], [ 1, 3 ], [ 1, 4 ], [ 2, 4 ], [ 3, 4 ], [ 3, 3 ], [ 4, 3 ], [ 4, 2 ], [ 3, 2 ], [ 2, 2 ], [ 1, 2 ], [ 1, 1 ], [ 0, 1 ], [ 0, 0 ], [ 1, 0 ], [ 2, 0 ], [ 2, 1 ], [ 3, 1 ], [ 4, 1 ], [ 4, 0 ], [ 5, 0 ], [ 6, 0 ], [ 6, 1 ], [ 5, 1 ], [ 5, 2 ], [ 6, 2 ], [ 6, 3 ], [ 5, 3 ], [ 5, 4 ], [ 6, 4 ], [ 6, 5 ], [ 5, 5 ], [ 4, 5 ], [ 3, 5 ], [ 2, 5 ], [ 1, 5 ], [ 0, 5 ] ]
}, {
index: 82,
layout: [ "110111", "111011", "111111", "111111", "111110", "110111", "112111" ],
path: [ [ 6, 2 ], [ 6, 1 ], [ 6, 0 ], [ 5, 0 ], [ 5, 1 ], [ 4, 1 ], [ 4, 0 ], [ 3, 0 ], [ 3, 1 ], [ 2, 1 ], [ 2, 0 ], [ 1, 0 ], [ 0, 0 ], [ 0, 1 ], [ 1, 1 ], [ 1, 2 ], [ 2, 2 ], [ 2, 3 ], [ 3, 3 ], [ 3, 2 ], [ 4, 2 ], [ 4, 3 ], [ 5, 3 ], [ 6, 3 ], [ 6, 4 ], [ 6, 5 ], [ 5, 5 ], [ 5, 4 ], [ 4, 4 ], [ 3, 4 ], [ 3, 5 ], [ 2, 5 ], [ 2, 4 ], [ 1, 4 ], [ 1, 5 ], [ 0, 5 ], [ 0, 4 ], [ 0, 3 ] ]
}, {
index: 83,
layout: [ "111011", "111110", "211111", "011111", "111101", "111111", "111111" ],
path: [ [ 2, 0 ], [ 1, 0 ], [ 0, 0 ], [ 0, 1 ], [ 0, 2 ], [ 1, 2 ], [ 1, 1 ], [ 2, 1 ], [ 3, 1 ], [ 4, 1 ], [ 4, 0 ], [ 5, 0 ], [ 6, 0 ], [ 6, 1 ], [ 5, 1 ], [ 5, 2 ], [ 6, 2 ], [ 6, 3 ], [ 5, 3 ], [ 5, 4 ], [ 6, 4 ], [ 6, 5 ], [ 5, 5 ], [ 4, 5 ], [ 3, 5 ], [ 2, 5 ], [ 2, 4 ], [ 3, 4 ], [ 3, 3 ], [ 4, 3 ], [ 4, 2 ], [ 3, 2 ], [ 2, 2 ], [ 2, 3 ], [ 1, 3 ], [ 1, 4 ], [ 0, 4 ], [ 0, 5 ] ]
}, {
index: 84,
layout: [ "111001", "111101", "111111", "111111", "110111", "111111", "111121" ],
path: [ [ 6, 4 ], [ 6, 5 ], [ 5, 5 ], [ 5, 4 ], [ 5, 3 ], [ 6, 3 ], [ 6, 2 ], [ 5, 2 ], [ 5, 1 ], [ 6, 1 ], [ 6, 0 ], [ 5, 0 ], [ 4, 0 ], [ 4, 1 ], [ 3, 1 ], [ 3, 0 ], [ 2, 0 ], [ 2, 1 ], [ 1, 1 ], [ 1, 0 ], [ 0, 0 ], [ 0, 1 ], [ 0, 2 ], [ 1, 2 ], [ 1, 3 ], [ 2, 3 ], [ 2, 2 ], [ 3, 2 ], [ 3, 3 ], [ 4, 3 ], [ 4, 4 ], [ 4, 5 ], [ 3, 5 ], [ 3, 4 ], [ 2, 4 ], [ 2, 5 ], [ 1, 5 ], [ 0, 5 ] ]
}, {
index: 85,
layout: [ "111211", "111111", "111110", "111111", "011110", "111011", "111111" ],
path: [ [ 0, 3 ], [ 0, 4 ], [ 0, 5 ], [ 1, 5 ], [ 1, 4 ], [ 1, 3 ], [ 1, 2 ], [ 0, 2 ], [ 0, 1 ], [ 0, 0 ], [ 1, 0 ], [ 1, 1 ], [ 2, 1 ], [ 2, 0 ], [ 3, 0 ], [ 3, 1 ], [ 4, 1 ], [ 4, 2 ], [ 5, 2 ], [ 5, 1 ], [ 5, 0 ], [ 6, 0 ], [ 6, 1 ], [ 6, 2 ], [ 6, 3 ], [ 6, 4 ], [ 6, 5 ], [ 5, 5 ], [ 5, 4 ], [ 4, 4 ], [ 4, 3 ], [ 3, 3 ], [ 3, 2 ], [ 2, 2 ], [ 2, 3 ], [ 2, 4 ], [ 3, 4 ], [ 3, 5 ] ]
}, {
index: 86,
layout: [ "111011", "111110", "111111", "111111", "101101", "121111", "111111" ],
path: [ [ 5, 1 ], [ 5, 2 ], [ 4, 2 ], [ 4, 3 ], [ 3, 3 ], [ 3, 4 ], [ 2, 4 ], [ 2, 5 ], [ 3, 5 ], [ 4, 5 ], [ 5, 5 ], [ 6, 5 ], [ 6, 4 ], [ 5, 4 ], [ 5, 3 ], [ 6, 3 ], [ 6, 2 ], [ 6, 1 ], [ 6, 0 ], [ 5, 0 ], [ 4, 0 ], [ 3, 0 ], [ 2, 0 ], [ 1, 0 ], [ 0, 0 ], [ 0, 1 ], [ 0, 2 ], [ 1, 2 ], [ 1, 1 ], [ 2, 1 ], [ 3, 1 ], [ 3, 2 ], [ 2, 2 ], [ 2, 3 ], [ 1, 3 ], [ 1, 4 ], [ 0, 4 ], [ 0, 5 ] ]
}, {
index: 87,
layout: [ "111110", "111110", "111111", "011110", "111111", "111211", "111111" ],
path: [ [ 5, 3 ], [ 5, 4 ], [ 4, 4 ], [ 4, 5 ], [ 5, 5 ], [ 6, 5 ], [ 6, 4 ], [ 6, 3 ], [ 6, 2 ], [ 5, 2 ], [ 5, 1 ], [ 6, 1 ], [ 6, 0 ], [ 5, 0 ], [ 4, 0 ], [ 4, 1 ], [ 3, 1 ], [ 2, 1 ], [ 2, 0 ], [ 1, 0 ], [ 0, 0 ], [ 0, 1 ], [ 1, 1 ], [ 1, 2 ], [ 0, 2 ], [ 0, 3 ], [ 0, 4 ], [ 1, 4 ], [ 1, 3 ], [ 2, 3 ], [ 2, 2 ], [ 3, 2 ], [ 4, 2 ], [ 4, 3 ], [ 3, 3 ], [ 3, 4 ], [ 2, 4 ], [ 2, 5 ] ]
}, {
index: 88,
layout: [ "110111", "111111", "101112", "011110", "111111", "111111", "111111" ],
path: [ [ 2, 5 ], [ 1, 5 ], [ 0, 5 ], [ 0, 4 ], [ 0, 3 ], [ 1, 3 ], [ 1, 4 ], [ 2, 4 ], [ 3, 4 ], [ 4, 4 ], [ 4, 5 ], [ 5, 5 ], [ 6, 5 ], [ 6, 4 ], [ 5, 4 ], [ 5, 3 ], [ 6, 3 ], [ 6, 2 ], [ 5, 2 ], [ 5, 1 ], [ 6, 1 ], [ 6, 0 ], [ 5, 0 ], [ 4, 0 ], [ 4, 1 ], [ 3, 1 ], [ 3, 2 ], [ 4, 2 ], [ 4, 3 ], [ 3, 3 ], [ 2, 3 ], [ 2, 2 ], [ 1, 2 ], [ 1, 1 ], [ 0, 1 ], [ 0, 0 ], [ 1, 0 ], [ 2, 0 ] ]
}, {
index: 89,
layout: [ "110111", "111011", "111111", "111101", "111011", "111111", "211111" ],
path: [ [ 6, 0 ], [ 5, 0 ], [ 4, 0 ], [ 3, 0 ], [ 3, 1 ], [ 2, 1 ], [ 2, 0 ], [ 1, 0 ], [ 0, 0 ], [ 0, 1 ], [ 1, 1 ], [ 1, 2 ], [ 2, 2 ], [ 2, 3 ], [ 3, 3 ], [ 3, 2 ], [ 4, 2 ], [ 4, 1 ], [ 5, 1 ], [ 6, 1 ], [ 6, 2 ], [ 5, 2 ], [ 5, 3 ], [ 6, 3 ], [ 6, 4 ], [ 6, 5 ], [ 5, 5 ], [ 5, 4 ], [ 4, 4 ], [ 4, 5 ], [ 3, 5 ], [ 2, 5 ], [ 2, 4 ], [ 1, 4 ], [ 1, 5 ], [ 0, 5 ], [ 0, 4 ], [ 0, 3 ] ]
}, {
index: 90,
layout: [ "110111", "111011", "111111", "111111", "102110", "111111", "111111" ],
path: [ [ 4, 2 ], [ 3, 2 ], [ 3, 3 ], [ 2, 3 ], [ 2, 2 ], [ 1, 2 ], [ 1, 1 ], [ 0, 1 ], [ 0, 0 ], [ 1, 0 ], [ 2, 0 ], [ 2, 1 ], [ 3, 1 ], [ 3, 0 ], [ 4, 0 ], [ 5, 0 ], [ 6, 0 ], [ 6, 1 ], [ 5, 1 ], [ 5, 2 ], [ 6, 2 ], [ 6, 3 ], [ 6, 4 ], [ 6, 5 ], [ 5, 5 ], [ 5, 4 ], [ 5, 3 ], [ 4, 3 ], [ 4, 4 ], [ 3, 4 ], [ 3, 5 ], [ 2, 5 ], [ 2, 4 ], [ 1, 4 ], [ 1, 5 ], [ 0, 5 ], [ 0, 4 ], [ 0, 3 ] ]
}, {
index: 91,
layout: [ "111010", "111111", "111111", "111111", "110101", "111111", "111112" ],
path: [ [ 6, 5 ], [ 6, 4 ], [ 6, 3 ], [ 6, 2 ], [ 5, 2 ], [ 5, 1 ], [ 6, 1 ], [ 6, 0 ], [ 5, 0 ], [ 4, 0 ], [ 4, 1 ], [ 3, 1 ], [ 3, 0 ], [ 2, 0 ], [ 2, 1 ], [ 1, 1 ], [ 1, 0 ], [ 0, 0 ], [ 0, 1 ], [ 0, 2 ], [ 1, 2 ], [ 1, 3 ], [ 2, 3 ], [ 2, 2 ], [ 3, 2 ], [ 3, 3 ], [ 4, 3 ], [ 5, 3 ], [ 5, 4 ], [ 5, 5 ], [ 4, 5 ], [ 3, 5 ], [ 3, 4 ], [ 2, 4 ], [ 2, 5 ], [ 1, 5 ], [ 1, 4 ], [ 0, 4 ] ]
}, {
index: 92,
layout: [ "101111", "111111", "111011", "111111", "111101", "101111", "121111" ],
path: [ [ 6, 1 ], [ 6, 0 ], [ 5, 0 ], [ 4, 0 ], [ 4, 1 ], [ 3, 1 ], [ 3, 0 ], [ 2, 0 ], [ 2, 1 ], [ 2, 2 ], [ 3, 2 ], [ 3, 3 ], [ 4, 3 ], [ 4, 2 ], [ 5, 2 ], [ 6, 2 ], [ 6, 3 ], [ 5, 3 ], [ 5, 4 ], [ 6, 4 ], [ 6, 5 ], [ 5, 5 ], [ 4, 5 ], [ 3, 5 ], [ 3, 4 ], [ 2, 4 ], [ 2, 5 ], [ 1, 5 ], [ 0, 5 ], [ 0, 4 ], [ 1, 4 ], [ 1, 3 ], [ 0, 3 ], [ 0, 2 ], [ 1, 2 ], [ 1, 1 ], [ 1, 0 ], [ 0, 0 ] ]
}, {
index: 93,
layout: [ "111011", "011111", "111111", "111111", "110102", "111111", "111111" ],
path: [ [ 4, 5 ], [ 3, 5 ], [ 3, 4 ], [ 2, 4 ], [ 2, 5 ], [ 1, 5 ], [ 0, 5 ], [ 0, 4 ], [ 1, 4 ], [ 1, 3 ], [ 2, 3 ], [ 2, 2 ], [ 3, 2 ], [ 3, 3 ], [ 4, 3 ], [ 5, 3 ], [ 5, 4 ], [ 5, 5 ], [ 6, 5 ], [ 6, 4 ], [ 6, 3 ], [ 6, 2 ], [ 5, 2 ], [ 5, 1 ], [ 6, 1 ], [ 6, 0 ], [ 5, 0 ], [ 4, 0 ], [ 4, 1 ], [ 3, 1 ], [ 3, 0 ], [ 2, 0 ], [ 2, 1 ], [ 1, 1 ], [ 1, 2 ], [ 0, 2 ], [ 0, 1 ], [ 0, 0 ] ]
}, {
index: 94,
layout: [ "111111", "110112", "111111", "101111", "011011", "111111", "111111" ],
path: [ [ 1, 5 ], [ 0, 5 ], [ 0, 4 ], [ 1, 4 ], [ 2, 4 ], [ 2, 5 ], [ 3, 5 ], [ 4, 5 ], [ 5, 5 ], [ 6, 5 ], [ 6, 4 ], [ 6, 3 ], [ 6, 2 ], [ 6, 1 ], [ 6, 0 ], [ 5, 0 ], [ 5, 1 ], [ 4, 1 ], [ 4, 2 ], [ 5, 2 ], [ 5, 3 ], [ 5, 4 ], [ 4, 4 ], [ 3, 4 ], [ 3, 3 ], [ 3, 2 ], [ 2, 2 ], [ 2, 3 ], [ 1, 3 ], [ 0, 3 ], [ 0, 2 ], [ 0, 1 ], [ 0, 0 ], [ 1, 0 ], [ 1, 1 ], [ 2, 1 ], [ 2, 0 ], [ 3, 0 ] ]
}, {
index: 95,
layout: [ "101111", "101111", "121111", "111110", "101111", "111111", "111111" ],
path: [ [ 2, 1 ], [ 3, 1 ], [ 3, 2 ], [ 4, 2 ], [ 4, 3 ], [ 3, 3 ], [ 2, 3 ], [ 2, 2 ], [ 1, 2 ], [ 0, 2 ], [ 0, 3 ], [ 1, 3 ], [ 1, 4 ], [ 0, 4 ], [ 0, 5 ], [ 1, 5 ], [ 2, 5 ], [ 2, 4 ], [ 3, 4 ], [ 4, 4 ], [ 4, 5 ], [ 5, 5 ], [ 6, 5 ], [ 6, 4 ], [ 5, 4 ], [ 5, 3 ], [ 6, 3 ], [ 6, 2 ], [ 5, 2 ], [ 5, 1 ], [ 6, 1 ], [ 6, 0 ], [ 5, 0 ], [ 4, 0 ], [ 3, 0 ], [ 2, 0 ], [ 1, 0 ], [ 0, 0 ] ]
}, {
index: 96,
layout: [ "112110", "111111", "111101", "011110", "111111", "111111", "111111" ],
path: [ [ 0, 2 ], [ 1, 2 ], [ 1, 1 ], [ 0, 1 ], [ 0, 0 ], [ 1, 0 ], [ 2, 0 ], [ 2, 1 ], [ 3, 1 ], [ 4, 1 ], [ 4, 0 ], [ 5, 0 ], [ 6, 0 ], [ 6, 1 ], [ 5, 1 ], [ 5, 2 ], [ 6, 2 ], [ 6, 3 ], [ 5, 3 ], [ 5, 4 ], [ 6, 4 ], [ 6, 5 ], [ 5, 5 ], [ 4, 5 ], [ 4, 4 ], [ 3, 4 ], [ 3, 3 ], [ 4, 3 ], [ 4, 2 ], [ 3, 2 ], [ 2, 2 ], [ 2, 3 ], [ 1, 3 ], [ 0, 3 ], [ 0, 4 ], [ 1, 4 ], [ 1, 5 ], [ 2, 5 ] ]
}, {
index: 97,
layout: [ "111111", "110110", "111111", "121111", "011011", "111111", "111111" ],
path: [ [ 3, 1 ], [ 3, 0 ], [ 2, 0 ], [ 2, 1 ], [ 1, 1 ], [ 1, 0 ], [ 0, 0 ], [ 0, 1 ], [ 0, 2 ], [ 0, 3 ], [ 1, 3 ], [ 2, 3 ], [ 2, 2 ], [ 3, 2 ], [ 3, 3 ], [ 3, 4 ], [ 4, 4 ], [ 5, 4 ], [ 5, 3 ], [ 5, 2 ], [ 4, 2 ], [ 4, 1 ], [ 5, 1 ], [ 5, 0 ], [ 6, 0 ], [ 6, 1 ], [ 6, 2 ], [ 6, 3 ], [ 6, 4 ], [ 6, 5 ], [ 5, 5 ], [ 4, 5 ], [ 3, 5 ], [ 2, 5 ], [ 2, 4 ], [ 1, 4 ], [ 0, 4 ], [ 0, 5 ] ]
}, {
index: 98,
layout: [ "110111", "011121", "111111", "111110", "101111", "111111", "111111" ],
path: [ [ 1, 4 ], [ 1, 3 ], [ 0, 3 ], [ 0, 4 ], [ 0, 5 ], [ 1, 5 ], [ 2, 5 ], [ 2, 4 ], [ 3, 4 ], [ 4, 4 ], [ 4, 5 ], [ 5, 5 ], [ 6, 5 ], [ 6, 4 ], [ 5, 4 ], [ 5, 3 ], [ 6, 3 ], [ 6, 2 ], [ 5, 2 ], [ 5, 1 ], [ 6, 1 ], [ 6, 0 ], [ 5, 0 ], [ 4, 0 ], [ 3, 0 ], [ 2, 0 ], [ 2, 1 ], [ 3, 1 ], [ 3, 2 ], [ 4, 2 ], [ 4, 3 ], [ 3, 3 ], [ 2, 3 ], [ 2, 2 ], [ 1, 2 ], [ 1, 1 ], [ 0, 1 ], [ 0, 0 ] ]
}, {
index: 99,
layout: [ "111011", "111111", "111111", "111110", "111101", "011111", "211111" ],
path: [ [ 6, 0 ], [ 6, 1 ], [ 5, 1 ], [ 4, 1 ], [ 4, 0 ], [ 3, 0 ], [ 2, 0 ], [ 1, 0 ], [ 0, 0 ], [ 0, 1 ], [ 0, 2 ], [ 1, 2 ], [ 1, 1 ], [ 2, 1 ], [ 3, 1 ], [ 3, 2 ], [ 2, 2 ], [ 2, 3 ], [ 1, 3 ], [ 1, 4 ], [ 0, 4 ], [ 0, 5 ], [ 1, 5 ], [ 2, 5 ], [ 2, 4 ], [ 3, 4 ], [ 3, 3 ], [ 4, 3 ], [ 4, 2 ], [ 5, 2 ], [ 6, 2 ], [ 6, 3 ], [ 5, 3 ], [ 5, 4 ], [ 6, 4 ], [ 6, 5 ], [ 5, 5 ], [ 4, 5 ] ]
}, {
index: 100,
layout: [ "111111", "011111", "111211", "111110", "101111", "101111", "111111" ],
path: [ [ 2, 3 ], [ 2, 2 ], [ 3, 2 ], [ 3, 1 ], [ 2, 1 ], [ 2, 0 ], [ 3, 0 ], [ 4, 0 ], [ 5, 0 ], [ 6, 0 ], [ 6, 1 ], [ 6, 2 ], [ 6, 3 ], [ 6, 4 ], [ 6, 5 ], [ 5, 5 ], [ 4, 5 ], [ 4, 4 ], [ 5, 4 ], [ 5, 3 ], [ 5, 2 ], [ 4, 2 ], [ 4, 3 ], [ 3, 3 ], [ 3, 4 ], [ 2, 4 ], [ 2, 5 ], [ 1, 5 ], [ 0, 5 ], [ 0, 4 ], [ 1, 4 ], [ 1, 3 ], [ 0, 3 ], [ 0, 2 ], [ 1, 2 ], [ 1, 1 ], [ 0, 1 ], [ 0, 0 ] ]
}, {