index: 1,
layout: [ "010111", "111111", "111111", "211111", "111111", "000111" ],
path: [ [ 3, 0 ], [ 4, 0 ], [ 4, 1 ], [ 4, 2 ], [ 4, 3 ], [ 5, 3 ], [ 5, 4 ], [ 5, 5 ], [ 4, 5 ], [ 4, 4 ], [ 3, 4 ], [ 3, 5 ], [ 2, 5 ], [ 2, 4 ], [ 1, 4 ], [ 1, 5 ], [ 0, 5 ], [ 0, 4 ], [ 0, 3 ], [ 1, 3 ], [ 1, 2 ], [ 2, 2 ], [ 2, 3 ], [ 3, 3 ], [ 3, 2 ], [ 3, 1 ], [ 2, 1 ], [ 2, 0 ], [ 1, 0 ], [ 1, 1 ], [ 0, 1 ] ]
}, {
index: 2,
layout: [ "111011", "111111", "011101", "110111", "111112", "101111" ],
path: [ [ 4, 5 ], [ 5, 5 ], [ 5, 4 ], [ 4, 4 ], [ 3, 4 ], [ 3, 5 ], [ 2, 5 ], [ 1, 5 ], [ 0, 5 ], [ 0, 4 ], [ 1, 4 ], [ 1, 3 ], [ 1, 2 ], [ 0, 2 ], [ 0, 1 ], [ 0, 0 ], [ 1, 0 ], [ 1, 1 ], [ 2, 1 ], [ 2, 2 ], [ 2, 3 ], [ 3, 3 ], [ 4, 3 ], [ 5, 3 ], [ 5, 2 ], [ 4, 2 ], [ 4, 1 ], [ 3, 1 ], [ 3, 0 ], [ 4, 0 ], [ 5, 0 ] ]
}, {
index: 3,
layout: [ "011111", "201111", "111111", "110100", "111111", "111111" ],
path: [ [ 1, 0 ], [ 2, 0 ], [ 2, 1 ], [ 3, 1 ], [ 3, 0 ], [ 4, 0 ], [ 5, 0 ], [ 5, 1 ], [ 4, 1 ], [ 4, 2 ], [ 5, 2 ], [ 5, 3 ], [ 5, 4 ], [ 5, 5 ], [ 4, 5 ], [ 4, 4 ], [ 4, 3 ], [ 3, 3 ], [ 2, 3 ], [ 2, 2 ], [ 1, 2 ], [ 1, 3 ], [ 1, 4 ], [ 2, 4 ], [ 2, 5 ], [ 1, 5 ], [ 0, 5 ], [ 0, 4 ], [ 0, 3 ], [ 0, 2 ], [ 0, 1 ] ]
}, {
index: 4,
layout: [ "111111", "121111", "110011", "110100", "111111", "111111" ],
path: [ [ 1, 1 ], [ 1, 2 ], [ 1, 3 ], [ 1, 4 ], [ 2, 4 ], [ 2, 5 ], [ 1, 5 ], [ 0, 5 ], [ 0, 4 ], [ 0, 3 ], [ 0, 2 ], [ 0, 1 ], [ 0, 0 ], [ 1, 0 ], [ 2, 0 ], [ 2, 1 ], [ 3, 1 ], [ 3, 0 ], [ 4, 0 ], [ 5, 0 ], [ 5, 1 ], [ 4, 1 ], [ 4, 2 ], [ 5, 2 ], [ 5, 3 ], [ 5, 4 ], [ 5, 5 ], [ 4, 5 ], [ 4, 4 ], [ 4, 3 ], [ 3, 3 ] ]
}, {
index: 5,
layout: [ "111111", "100111", "011100", "111111", "111111", "111121" ],
path: [ [ 5, 4 ], [ 5, 5 ], [ 4, 5 ], [ 3, 5 ], [ 3, 4 ], [ 4, 4 ], [ 4, 3 ], [ 5, 3 ], [ 5, 2 ], [ 4, 2 ], [ 4, 1 ], [ 5, 1 ], [ 5, 0 ], [ 4, 0 ], [ 3, 0 ], [ 3, 1 ], [ 2, 1 ], [ 2, 2 ], [ 3, 2 ], [ 3, 3 ], [ 2, 3 ], [ 1, 3 ], [ 1, 4 ], [ 1, 5 ], [ 0, 5 ], [ 0, 4 ], [ 0, 3 ], [ 0, 2 ], [ 0, 1 ], [ 0, 0 ], [ 1, 0 ] ]
}, {
index: 6,
layout: [ "101111", "111111", "111100", "111111", "110021", "111111" ],
path: [ [ 4, 4 ], [ 3, 4 ], [ 3, 5 ], [ 4, 5 ], [ 5, 5 ], [ 5, 4 ], [ 5, 3 ], [ 5, 2 ], [ 5, 1 ], [ 5, 0 ], [ 4, 0 ], [ 4, 1 ], [ 3, 1 ], [ 3, 0 ], [ 2, 0 ], [ 2, 1 ], [ 2, 2 ], [ 3, 2 ], [ 3, 3 ], [ 2, 3 ], [ 1, 3 ], [ 1, 4 ], [ 1, 5 ], [ 0, 5 ], [ 0, 4 ], [ 0, 3 ], [ 0, 2 ], [ 1, 2 ], [ 1, 1 ], [ 1, 0 ], [ 0, 0 ] ]
}, {
index: 7,
layout: [ "101110", "111112", "111111", "100110", "111111", "111111" ],
path: [ [ 1, 5 ], [ 2, 5 ], [ 2, 4 ], [ 3, 4 ], [ 3, 3 ], [ 4, 3 ], [ 4, 4 ], [ 4, 5 ], [ 5, 5 ], [ 5, 4 ], [ 5, 3 ], [ 5, 2 ], [ 4, 2 ], [ 4, 1 ], [ 5, 1 ], [ 5, 0 ], [ 4, 0 ], [ 3, 0 ], [ 2, 0 ], [ 2, 1 ], [ 2, 2 ], [ 2, 3 ], [ 1, 3 ], [ 1, 4 ], [ 0, 4 ], [ 0, 3 ], [ 0, 2 ], [ 1, 2 ], [ 1, 1 ], [ 1, 0 ], [ 0, 0 ] ]
}, {
index: 8,
layout: [ "111111", "110111", "011011", "102110", "111111", "111111" ],
path: [ [ 3, 2 ], [ 2, 2 ], [ 2, 1 ], [ 1, 1 ], [ 1, 0 ], [ 0, 0 ], [ 0, 1 ], [ 0, 2 ], [ 0, 3 ], [ 1, 3 ], [ 1, 4 ], [ 0, 4 ], [ 0, 5 ], [ 1, 5 ], [ 2, 5 ], [ 2, 4 ], [ 3, 4 ], [ 3, 3 ], [ 4, 3 ], [ 4, 4 ], [ 4, 5 ], [ 5, 5 ], [ 5, 4 ], [ 5, 3 ], [ 5, 2 ], [ 4, 2 ], [ 4, 1 ], [ 5, 1 ], [ 5, 0 ], [ 4, 0 ], [ 3, 0 ] ]
}, {
index: 9,
layout: [ "111111", "011111", "111101", "111101", "110111", "110112" ],
path: [ [ 5, 5 ], [ 5, 4 ], [ 5, 3 ], [ 4, 3 ], [ 4, 4 ], [ 4, 5 ], [ 3, 5 ], [ 2, 5 ], [ 1, 5 ], [ 0, 5 ], [ 0, 4 ], [ 1, 4 ], [ 1, 3 ], [ 0, 3 ], [ 0, 2 ], [ 1, 2 ], [ 2, 2 ], [ 2, 3 ], [ 3, 3 ], [ 3, 2 ], [ 3, 1 ], [ 4, 1 ], [ 5, 1 ], [ 5, 0 ], [ 4, 0 ], [ 3, 0 ], [ 2, 0 ], [ 2, 1 ], [ 1, 1 ], [ 0, 1 ], [ 0, 0 ] ]
}, {
index: 10,
layout: [ "111111", "011111", "011110", "121011", "101111", "111111" ],
path: [ [ 3, 1 ], [ 3, 0 ], [ 4, 0 ], [ 5, 0 ], [ 5, 1 ], [ 5, 2 ], [ 5, 3 ], [ 5, 4 ], [ 5, 5 ], [ 4, 5 ], [ 3, 5 ], [ 3, 4 ], [ 4, 4 ], [ 4, 3 ], [ 4, 2 ], [ 3, 2 ], [ 2, 2 ], [ 2, 1 ], [ 1, 1 ], [ 1, 2 ], [ 1, 3 ], [ 2, 3 ], [ 2, 4 ], [ 1, 4 ], [ 1, 5 ], [ 0, 5 ], [ 0, 4 ], [ 0, 3 ], [ 0, 2 ], [ 0, 1 ], [ 0, 0 ] ]
}, {
index: 11,
layout: [ "111111", "111111", "111111", "011110", "111002", "101111" ],
path: [ [ 4, 5 ], [ 5, 5 ], [ 5, 4 ], [ 5, 3 ], [ 5, 2 ], [ 4, 2 ], [ 3, 2 ], [ 2, 2 ], [ 2, 3 ], [ 3, 3 ], [ 3, 4 ], [ 2, 4 ], [ 2, 5 ], [ 1, 5 ], [ 0, 5 ], [ 0, 4 ], [ 1, 4 ], [ 1, 3 ], [ 0, 3 ], [ 0, 2 ], [ 1, 2 ], [ 1, 1 ], [ 0, 1 ], [ 0, 0 ], [ 1, 0 ], [ 2, 0 ], [ 2, 1 ], [ 3, 1 ], [ 4, 1 ], [ 4, 0 ], [ 5, 0 ] ]
}, {
index: 12,
layout: [ "111111", "200111", "111110", "111011", "011111", "111111" ],
path: [ [ 1, 0 ], [ 0, 0 ], [ 0, 1 ], [ 0, 2 ], [ 0, 3 ], [ 0, 4 ], [ 0, 5 ], [ 1, 5 ], [ 1, 4 ], [ 1, 3 ], [ 2, 3 ], [ 2, 4 ], [ 3, 4 ], [ 3, 5 ], [ 4, 5 ], [ 5, 5 ], [ 5, 4 ], [ 4, 4 ], [ 4, 3 ], [ 5, 3 ], [ 5, 2 ], [ 4, 2 ], [ 3, 2 ], [ 2, 2 ], [ 2, 1 ], [ 2, 0 ], [ 3, 0 ], [ 3, 1 ], [ 4, 1 ], [ 5, 1 ], [ 5, 0 ] ]
}, {
index: 13,
layout: [ "111211", "111110", "110111", "110011", "101111", "111111" ],
path: [ [ 0, 3 ], [ 0, 2 ], [ 1, 2 ], [ 1, 1 ], [ 0, 1 ], [ 0, 0 ], [ 1, 0 ], [ 2, 0 ], [ 2, 1 ], [ 3, 1 ], [ 3, 0 ], [ 4, 0 ], [ 5, 0 ], [ 5, 1 ], [ 5, 2 ], [ 4, 2 ], [ 4, 3 ], [ 5, 3 ], [ 5, 4 ], [ 5, 5 ], [ 4, 5 ], [ 4, 4 ], [ 3, 4 ], [ 3, 5 ], [ 2, 5 ], [ 2, 4 ], [ 2, 3 ], [ 1, 3 ], [ 1, 4 ], [ 0, 4 ], [ 0, 5 ] ]
}, {
index: 14,
layout: [ "111111", "121111", "110110", "011101", "110111", "111111" ],
path: [ [ 1, 1 ], [ 2, 1 ], [ 2, 0 ], [ 1, 0 ], [ 0, 0 ], [ 0, 1 ], [ 0, 2 ], [ 1, 2 ], [ 1, 3 ], [ 0, 3 ], [ 0, 4 ], [ 0, 5 ], [ 1, 5 ], [ 1, 4 ], [ 2, 4 ], [ 2, 3 ], [ 3, 3 ], [ 3, 2 ], [ 3, 1 ], [ 4, 1 ], [ 4, 0 ], [ 5, 0 ], [ 5, 1 ], [ 5, 2 ], [ 5, 3 ], [ 4, 3 ], [ 4, 4 ], [ 5, 4 ], [ 5, 5 ], [ 4, 5 ], [ 3, 5 ] ]
}, {
index: 15,
layout: [ "111101", "101111", "111111", "011111", "111011", "111120" ],
path: [ [ 5, 4 ], [ 5, 3 ], [ 5, 2 ], [ 5, 1 ], [ 5, 0 ], [ 4, 0 ], [ 4, 1 ], [ 4, 2 ], [ 3, 2 ], [ 3, 1 ], [ 2, 1 ], [ 2, 0 ], [ 1, 0 ], [ 0, 0 ], [ 0, 1 ], [ 0, 2 ], [ 0, 3 ], [ 1, 3 ], [ 1, 2 ], [ 2, 2 ], [ 2, 3 ], [ 3, 3 ], [ 3, 4 ], [ 4, 4 ], [ 4, 5 ], [ 3, 5 ], [ 2, 5 ], [ 2, 4 ], [ 1, 4 ], [ 1, 5 ], [ 0, 5 ] ]
}, {
index: 16,
layout: [ "111111", "110111", "111111", "111110", "110120", "110111" ],
path: [ [ 4, 4 ], [ 3, 4 ], [ 2, 4 ], [ 2, 5 ], [ 1, 5 ], [ 0, 5 ], [ 0, 4 ], [ 1, 4 ], [ 1, 3 ], [ 0, 3 ], [ 0, 2 ], [ 0, 1 ], [ 0, 0 ], [ 1, 0 ], [ 1, 1 ], [ 2, 1 ], [ 2, 0 ], [ 3, 0 ], [ 4, 0 ], [ 5, 0 ], [ 5, 1 ], [ 4, 1 ], [ 3, 1 ], [ 3, 2 ], [ 2, 2 ], [ 2, 3 ], [ 3, 3 ], [ 4, 3 ], [ 5, 3 ], [ 5, 4 ], [ 5, 5 ] ]
}, {
index: 17,
layout: [ "101110", "111112", "001111", "111111", "111101", "111111" ],
path: [ [ 1, 5 ], [ 2, 5 ], [ 2, 4 ], [ 3, 4 ], [ 3, 5 ], [ 4, 5 ], [ 5, 5 ], [ 5, 4 ], [ 5, 3 ], [ 5, 2 ], [ 5, 1 ], [ 5, 0 ], [ 4, 0 ], [ 3, 0 ], [ 3, 1 ], [ 4, 1 ], [ 4, 2 ], [ 4, 3 ], [ 3, 3 ], [ 3, 2 ], [ 2, 2 ], [ 2, 3 ], [ 1, 3 ], [ 1, 4 ], [ 0, 4 ], [ 0, 3 ], [ 0, 2 ], [ 1, 2 ], [ 1, 1 ], [ 1, 0 ], [ 0, 0 ] ]
}, {
index: 18,
layout: [ "111111", "011011", "111110", "111111", "111111", "011012" ],
path: [ [ 5, 5 ], [ 5, 4 ], [ 4, 4 ], [ 4, 5 ], [ 3, 5 ], [ 3, 4 ], [ 3, 3 ], [ 4, 3 ], [ 4, 2 ], [ 5, 2 ], [ 5, 1 ], [ 4, 1 ], [ 4, 0 ], [ 3, 0 ], [ 2, 0 ], [ 2, 1 ], [ 3, 1 ], [ 3, 2 ], [ 2, 2 ], [ 2, 3 ], [ 2, 4 ], [ 1, 4 ], [ 1, 5 ], [ 0, 5 ], [ 0, 4 ], [ 0, 3 ], [ 0, 2 ], [ 1, 2 ], [ 1, 1 ], [ 0, 1 ], [ 0, 0 ] ]
}, {
index: 19,
layout: [ "111110", "111111", "011111", "121111", "111100", "110111" ],
path: [ [ 3, 1 ], [ 3, 0 ], [ 4, 0 ], [ 5, 0 ], [ 5, 1 ], [ 4, 1 ], [ 4, 2 ], [ 3, 2 ], [ 2, 2 ], [ 2, 1 ], [ 1, 1 ], [ 1, 0 ], [ 0, 0 ], [ 0, 1 ], [ 0, 2 ], [ 1, 2 ], [ 1, 3 ], [ 0, 3 ], [ 0, 4 ], [ 1, 4 ], [ 1, 5 ], [ 2, 5 ], [ 3, 5 ], [ 3, 4 ], [ 2, 4 ], [ 2, 3 ], [ 3, 3 ], [ 4, 3 ], [ 5, 3 ], [ 5, 4 ], [ 5, 5 ] ]
}, {
index: 20,
layout: [ "111110", "111111", "111111", "001011", "112111", "011111" ],
path: [ [ 4, 2 ], [ 3, 2 ], [ 2, 2 ], [ 2, 3 ], [ 1, 3 ], [ 1, 2 ], [ 1, 1 ], [ 2, 1 ], [ 2, 0 ], [ 1, 0 ], [ 0, 0 ], [ 0, 1 ], [ 0, 2 ], [ 0, 3 ], [ 0, 4 ], [ 1, 4 ], [ 1, 5 ], [ 2, 5 ], [ 2, 4 ], [ 3, 4 ], [ 3, 5 ], [ 4, 5 ], [ 5, 5 ], [ 5, 4 ], [ 4, 4 ], [ 4, 3 ], [ 5, 3 ], [ 5, 2 ], [ 5, 1 ], [ 4, 1 ], [ 4, 0 ] ]
}, {
index: 21,
layout: [ "110111", "111101", "101112", "111111", "111111", "101110" ],
path: [ [ 2, 5 ], [ 1, 5 ], [ 0, 5 ], [ 0, 4 ], [ 0, 3 ], [ 1, 3 ], [ 2, 3 ], [ 2, 4 ], [ 3, 4 ], [ 3, 5 ], [ 4, 5 ], [ 4, 4 ], [ 5, 4 ], [ 5, 3 ], [ 5, 2 ], [ 4, 2 ], [ 4, 3 ], [ 3, 3 ], [ 3, 2 ], [ 2, 2 ], [ 1, 2 ], [ 1, 1 ], [ 0, 1 ], [ 0, 0 ], [ 1, 0 ], [ 2, 0 ], [ 3, 0 ], [ 3, 1 ], [ 4, 1 ], [ 4, 0 ], [ 5, 0 ] ]
}, {
index: 22,
layout: [ "110110", "011210", "111111", "111111", "111111", "110111" ],
path: [ [ 1, 3 ], [ 0, 3 ], [ 0, 4 ], [ 1, 4 ], [ 2, 4 ], [ 2, 5 ], [ 3, 5 ], [ 3, 4 ], [ 4, 4 ], [ 4, 5 ], [ 5, 5 ], [ 5, 4 ], [ 5, 3 ], [ 4, 3 ], [ 4, 2 ], [ 4, 1 ], [ 5, 1 ], [ 5, 0 ], [ 4, 0 ], [ 3, 0 ], [ 2, 0 ], [ 2, 1 ], [ 3, 1 ], [ 3, 2 ], [ 3, 3 ], [ 2, 3 ], [ 2, 2 ], [ 1, 2 ], [ 1, 1 ], [ 0, 1 ], [ 0, 0 ] ]
}, {
index: 23,
layout: [ "111011", "111111", "121111", "111110", "110111", "001111" ],
path: [ [ 2, 1 ], [ 1, 1 ], [ 1, 2 ], [ 0, 2 ], [ 0, 1 ], [ 0, 0 ], [ 1, 0 ], [ 2, 0 ], [ 3, 0 ], [ 4, 0 ], [ 4, 1 ], [ 3, 1 ], [ 3, 2 ], [ 2, 2 ], [ 2, 3 ], [ 1, 3 ], [ 1, 4 ], [ 0, 4 ], [ 0, 5 ], [ 1, 5 ], [ 2, 5 ], [ 2, 4 ], [ 3, 4 ], [ 3, 3 ], [ 4, 3 ], [ 4, 4 ], [ 4, 5 ], [ 5, 5 ], [ 5, 4 ], [ 5, 3 ], [ 5, 2 ] ]
}, {
index: 24,
layout: [ "011101", "011111", "111111", "110120", "111111", "111111" ],
path: [ [ 3, 4 ], [ 4, 4 ], [ 4, 5 ], [ 5, 5 ], [ 5, 4 ], [ 5, 3 ], [ 5, 2 ], [ 5, 1 ], [ 5, 0 ], [ 4, 0 ], [ 3, 0 ], [ 2, 0 ], [ 2, 1 ], [ 3, 1 ], [ 4, 1 ], [ 4, 2 ], [ 4, 3 ], [ 3, 3 ], [ 2, 3 ], [ 2, 2 ], [ 1, 2 ], [ 1, 1 ], [ 0, 1 ], [ 0, 2 ], [ 0, 3 ], [ 1, 3 ], [ 1, 4 ], [ 2, 4 ], [ 2, 5 ], [ 1, 5 ], [ 0, 5 ] ]
}, {
index: 25,
layout: [ "112110", "111111", "101111", "011010", "111111", "111111" ],
path: [ [ 0, 2 ], [ 0, 3 ], [ 0, 4 ], [ 1, 4 ], [ 1, 5 ], [ 2, 5 ], [ 2, 4 ], [ 3, 4 ], [ 4, 4 ], [ 4, 5 ], [ 5, 5 ], [ 5, 4 ], [ 5, 3 ], [ 4, 3 ], [ 4, 2 ], [ 5, 2 ], [ 5, 1 ], [ 5, 0 ], [ 4, 0 ], [ 4, 1 ], [ 3, 1 ], [ 3, 2 ], [ 2, 2 ], [ 2, 3 ], [ 1, 3 ], [ 1, 2 ], [ 1, 1 ], [ 0, 1 ], [ 0, 0 ], [ 1, 0 ], [ 2, 0 ] ]
}, {
index: 26,
layout: [ "111111", "111101", "011011", "111011", "121111", "101111" ],
path: [ [ 4, 1 ], [ 4, 2 ], [ 5, 2 ], [ 5, 3 ], [ 4, 3 ], [ 4, 4 ], [ 5, 4 ], [ 5, 5 ], [ 4, 5 ], [ 3, 5 ], [ 3, 4 ], [ 2, 4 ], [ 2, 5 ], [ 1, 5 ], [ 0, 5 ], [ 0, 4 ], [ 0, 3 ], [ 1, 3 ], [ 1, 2 ], [ 0, 2 ], [ 0, 1 ], [ 0, 0 ], [ 1, 0 ], [ 1, 1 ], [ 2, 1 ], [ 2, 2 ], [ 3, 2 ], [ 3, 1 ], [ 3, 0 ], [ 4, 0 ], [ 5, 0 ] ]
}, {
index: 27,
layout: [ "111111", "111101", "111111", "001111", "011112", "111110" ],
path: [ [ 4, 5 ], [ 3, 5 ], [ 3, 4 ], [ 2, 4 ], [ 2, 5 ], [ 1, 5 ], [ 0, 5 ], [ 0, 4 ], [ 0, 3 ], [ 0, 2 ], [ 0, 1 ], [ 0, 0 ], [ 1, 0 ], [ 2, 0 ], [ 2, 1 ], [ 1, 1 ], [ 1, 2 ], [ 1, 3 ], [ 2, 3 ], [ 2, 2 ], [ 3, 2 ], [ 3, 3 ], [ 4, 3 ], [ 4, 4 ], [ 5, 4 ], [ 5, 3 ], [ 5, 2 ], [ 4, 2 ], [ 4, 1 ], [ 5, 1 ], [ 5, 0 ] ]
}, {
index: 28,
layout: [ "111101", "211101", "111101", "111011", "101111", "111111" ],
path: [ [ 1, 0 ], [ 0, 0 ], [ 0, 1 ], [ 1, 1 ], [ 1, 2 ], [ 0, 2 ], [ 0, 3 ], [ 1, 3 ], [ 2, 3 ], [ 2, 2 ], [ 3, 2 ], [ 3, 1 ], [ 2, 1 ], [ 2, 0 ], [ 3, 0 ], [ 4, 0 ], [ 5, 0 ], [ 5, 1 ], [ 5, 2 ], [ 4, 2 ], [ 4, 3 ], [ 5, 3 ], [ 5, 4 ], [ 5, 5 ], [ 4, 5 ], [ 4, 4 ], [ 3, 4 ], [ 3, 5 ], [ 2, 5 ], [ 1, 5 ], [ 0, 5 ] ]
}, {
index: 29,
layout: [ "111111", "101111", "011112", "111111", "111011", "001111" ],
path: [ [ 2, 5 ], [ 3, 5 ], [ 3, 4 ], [ 4, 4 ], [ 4, 5 ], [ 5, 5 ], [ 5, 4 ], [ 5, 3 ], [ 5, 2 ], [ 4, 2 ], [ 4, 1 ], [ 4, 0 ], [ 3, 0 ], [ 3, 1 ], [ 2, 1 ], [ 2, 2 ], [ 3, 2 ], [ 3, 3 ], [ 2, 3 ], [ 2, 4 ], [ 1, 4 ], [ 1, 5 ], [ 0, 5 ], [ 0, 4 ], [ 0, 3 ], [ 1, 3 ], [ 1, 2 ], [ 0, 2 ], [ 0, 1 ], [ 0, 0 ], [ 1, 0 ] ]
}, {
index: 30,
layout: [ "110110", "111111", "110110", "111112", "111111", "110111" ],
path: [ [ 3, 5 ], [ 4, 5 ], [ 5, 5 ], [ 5, 4 ], [ 5, 3 ], [ 4, 3 ], [ 4, 4 ], [ 3, 4 ], [ 2, 4 ], [ 2, 3 ], [ 3, 3 ], [ 3, 2 ], [ 4, 2 ], [ 4, 1 ], [ 5, 1 ], [ 5, 0 ], [ 4, 0 ], [ 3, 0 ], [ 3, 1 ], [ 2, 1 ], [ 2, 0 ], [ 1, 0 ], [ 0, 0 ], [ 0, 1 ], [ 1, 1 ], [ 1, 2 ], [ 1, 3 ], [ 0, 3 ], [ 0, 4 ], [ 1, 4 ], [ 1, 5 ] ]
}, {
index: 31,
layout: [ "111111", "111101", "111111", "021011", "111111", "101111" ],
path: [ [ 3, 1 ], [ 3, 2 ], [ 2, 2 ], [ 2, 3 ], [ 1, 3 ], [ 1, 2 ], [ 1, 1 ], [ 2, 1 ], [ 2, 0 ], [ 1, 0 ], [ 0, 0 ], [ 0, 1 ], [ 0, 2 ], [ 0, 3 ], [ 0, 4 ], [ 0, 5 ], [ 1, 5 ], [ 2, 5 ], [ 2, 4 ], [ 3, 4 ], [ 3, 5 ], [ 4, 5 ], [ 5, 5 ], [ 5, 4 ], [ 4, 4 ], [ 4, 3 ], [ 5, 3 ], [ 5, 2 ], [ 4, 2 ], [ 4, 1 ], [ 4, 0 ], [ 5, 0 ] ]
}, {
index: 32,
layout: [ "111110", "111111", "111111", "001211", "111111", "101111" ],
path: [ [ 3, 3 ], [ 3, 2 ], [ 2, 2 ], [ 2, 3 ], [ 1, 3 ], [ 1, 2 ], [ 1, 1 ], [ 2, 1 ], [ 2, 0 ], [ 1, 0 ], [ 0, 0 ], [ 0, 1 ], [ 0, 2 ], [ 0, 3 ], [ 0, 4 ], [ 1, 4 ], [ 1, 5 ], [ 2, 5 ], [ 2, 4 ], [ 3, 4 ], [ 3, 5 ], [ 4, 5 ], [ 5, 5 ], [ 5, 4 ], [ 4, 4 ], [ 4, 3 ], [ 5, 3 ], [ 5, 2 ], [ 4, 2 ], [ 4, 1 ], [ 4, 0 ], [ 5, 0 ] ]
}, {
index: 33,
layout: [ "111102", "011111", "111111", "110110", "111111", "111111" ],
path: [ [ 0, 5 ], [ 1, 5 ], [ 2, 5 ], [ 2, 4 ], [ 1, 4 ], [ 1, 3 ], [ 0, 3 ], [ 0, 2 ], [ 1, 2 ], [ 2, 2 ], [ 2, 3 ], [ 3, 3 ], [ 3, 4 ], [ 4, 4 ], [ 4, 5 ], [ 5, 5 ], [ 5, 4 ], [ 5, 3 ], [ 4, 3 ], [ 4, 2 ], [ 5, 2 ], [ 5, 1 ], [ 5, 0 ], [ 4, 0 ], [ 4, 1 ], [ 3, 1 ], [ 3, 0 ], [ 2, 0 ], [ 2, 1 ], [ 1, 1 ], [ 0, 1 ], [ 0, 0 ] ]
}, {
index: 34,
layout: [ "111101", "101111", "111111", "011101", "112111", "111111" ],
path: [ [ 4, 2 ], [ 3, 2 ], [ 3, 3 ], [ 2, 3 ], [ 2, 2 ], [ 1, 2 ], [ 1, 3 ], [ 0, 3 ], [ 0, 2 ], [ 0, 1 ], [ 0, 0 ], [ 1, 0 ], [ 2, 0 ], [ 2, 1 ], [ 3, 1 ], [ 4, 1 ], [ 4, 0 ], [ 5, 0 ], [ 5, 1 ], [ 5, 2 ], [ 5, 3 ], [ 4, 3 ], [ 4, 4 ], [ 5, 4 ], [ 5, 5 ], [ 4, 5 ], [ 3, 5 ], [ 2, 5 ], [ 2, 4 ], [ 1, 4 ], [ 1, 5 ], [ 0, 5 ] ]
}, {
index: 35,
layout: [ "111110", "111111", "011110", "111111", "111111", "201111" ],
path: [ [ 5, 0 ], [ 4, 0 ], [ 3, 0 ], [ 3, 1 ], [ 4, 1 ], [ 4, 2 ], [ 5, 2 ], [ 5, 3 ], [ 4, 3 ], [ 4, 4 ], [ 5, 4 ], [ 5, 5 ], [ 4, 5 ], [ 3, 5 ], [ 3, 4 ], [ 2, 4 ], [ 2, 3 ], [ 3, 3 ], [ 3, 2 ], [ 2, 2 ], [ 2, 1 ], [ 1, 1 ], [ 1, 0 ], [ 0, 0 ], [ 0, 1 ], [ 0, 2 ], [ 1, 2 ], [ 1, 3 ], [ 0, 3 ], [ 0, 4 ], [ 1, 4 ], [ 1, 5 ] ]
}, {
index: 36,
layout: [ "111101", "111111", "100111", "111112", "111111", "110111" ],
path: [ [ 3, 5 ], [ 2, 5 ], [ 2, 4 ], [ 2, 3 ], [ 3, 3 ], [ 3, 4 ], [ 4, 4 ], [ 4, 5 ], [ 5, 5 ], [ 5, 4 ], [ 5, 3 ], [ 4, 3 ], [ 4, 2 ], [ 3, 2 ], [ 3, 1 ], [ 4, 1 ], [ 5, 1 ], [ 5, 0 ], [ 4, 0 ], [ 3, 0 ], [ 2, 0 ], [ 1, 0 ], [ 0, 0 ], [ 0, 1 ], [ 1, 1 ], [ 1, 2 ], [ 0, 2 ], [ 0, 3 ], [ 1, 3 ], [ 1, 4 ], [ 1, 5 ], [ 0, 5 ] ]
}, {
index: 37,
layout: [ "101111", "111111", "111111", "011110", "111102", "111111" ],
path: [ [ 4, 5 ], [ 5, 5 ], [ 5, 4 ], [ 5, 3 ], [ 4, 3 ], [ 4, 2 ], [ 5, 2 ], [ 5, 1 ], [ 5, 0 ], [ 4, 0 ], [ 4, 1 ], [ 3, 1 ], [ 3, 2 ], [ 2, 2 ], [ 2, 3 ], [ 3, 3 ], [ 3, 4 ], [ 2, 4 ], [ 2, 5 ], [ 1, 5 ], [ 0, 5 ], [ 0, 4 ], [ 1, 4 ], [ 1, 3 ], [ 0, 3 ], [ 0, 2 ], [ 1, 2 ], [ 1, 1 ], [ 2, 1 ], [ 2, 0 ], [ 1, 0 ], [ 0, 0 ] ]
}, {
index: 38,
layout: [ "111111", "011111", "111111", "111110", "121111", "001111" ],
path: [ [ 4, 1 ], [ 4, 0 ], [ 3, 0 ], [ 2, 0 ], [ 2, 1 ], [ 3, 1 ], [ 3, 2 ], [ 2, 2 ], [ 2, 3 ], [ 3, 3 ], [ 4, 3 ], [ 4, 2 ], [ 5, 2 ], [ 5, 3 ], [ 5, 4 ], [ 5, 5 ], [ 4, 5 ], [ 4, 4 ], [ 3, 4 ], [ 2, 4 ], [ 2, 5 ], [ 1, 5 ], [ 0, 5 ], [ 0, 4 ], [ 1, 4 ], [ 1, 3 ], [ 0, 3 ], [ 0, 2 ], [ 1, 2 ], [ 1, 1 ], [ 0, 1 ], [ 0, 0 ] ]
}, {
index: 39,
layout: [ "010111", "111111", "101111", "111111", "211111", "110111" ],
path: [ [ 4, 0 ], [ 5, 0 ], [ 5, 1 ], [ 4, 1 ], [ 4, 2 ], [ 4, 3 ], [ 5, 3 ], [ 5, 4 ], [ 5, 5 ], [ 4, 5 ], [ 4, 4 ], [ 3, 4 ], [ 3, 5 ], [ 2, 5 ], [ 2, 4 ], [ 1, 4 ], [ 1, 5 ], [ 0, 5 ], [ 0, 4 ], [ 0, 3 ], [ 1, 3 ], [ 1, 2 ], [ 2, 2 ], [ 2, 3 ], [ 3, 3 ], [ 3, 2 ], [ 3, 1 ], [ 3, 0 ], [ 2, 0 ], [ 1, 0 ], [ 1, 1 ], [ 0, 1 ] ]
}, {
index: 40,
layout: [ "111110", "011111", "111101", "211111", "111111", "111011" ],
path: [ [ 3, 0 ], [ 2, 0 ], [ 2, 1 ], [ 1, 1 ], [ 1, 2 ], [ 1, 3 ], [ 2, 3 ], [ 2, 2 ], [ 3, 2 ], [ 3, 1 ], [ 4, 1 ], [ 4, 0 ], [ 5, 0 ], [ 5, 1 ], [ 5, 2 ], [ 4, 2 ], [ 4, 3 ], [ 3, 3 ], [ 3, 4 ], [ 4, 4 ], [ 5, 4 ], [ 5, 5 ], [ 4, 5 ], [ 3, 5 ], [ 2, 5 ], [ 1, 5 ], [ 1, 4 ], [ 0, 4 ], [ 0, 3 ], [ 0, 2 ], [ 0, 1 ], [ 0, 0 ] ]
}, {
index: 41,
layout: [ "101111", "111111", "110112", "111011", "111111", "110111" ],
path: [ [ 2, 5 ], [ 3, 5 ], [ 4, 5 ], [ 5, 5 ], [ 5, 4 ], [ 5, 3 ], [ 4, 3 ], [ 4, 4 ], [ 3, 4 ], [ 2, 4 ], [ 2, 3 ], [ 1, 3 ], [ 1, 4 ], [ 1, 5 ], [ 0, 5 ], [ 0, 4 ], [ 0, 3 ], [ 0, 2 ], [ 1, 2 ], [ 1, 1 ], [ 2, 1 ], [ 3, 1 ], [ 3, 2 ], [ 4, 2 ], [ 4, 1 ], [ 5, 1 ], [ 5, 0 ], [ 4, 0 ], [ 3, 0 ], [ 2, 0 ], [ 1, 0 ], [ 0, 0 ] ]
}, {
index: 42,
layout: [ "111111", "110110", "111110", "111111", "111101", "121111" ],
path: [ [ 5, 1 ], [ 5, 0 ], [ 4, 0 ], [ 4, 1 ], [ 3, 1 ], [ 3, 0 ], [ 2, 0 ], [ 2, 1 ], [ 1, 1 ], [ 1, 0 ], [ 0, 0 ], [ 0, 1 ], [ 0, 2 ], [ 0, 3 ], [ 1, 3 ], [ 2, 3 ], [ 2, 2 ], [ 3, 2 ], [ 3, 3 ], [ 4, 3 ], [ 4, 2 ], [ 5, 2 ], [ 5, 3 ], [ 5, 4 ], [ 5, 5 ], [ 4, 5 ], [ 3, 5 ], [ 3, 4 ], [ 2, 4 ], [ 1, 4 ], [ 0, 4 ], [ 0, 5 ] ]
}, {
index: 43,
layout: [ "111111", "011101", "021111", "111111", "111111", "111110" ],
path: [ [ 2, 1 ], [ 1, 1 ], [ 1, 2 ], [ 1, 3 ], [ 2, 3 ], [ 2, 2 ], [ 3, 2 ], [ 3, 3 ], [ 4, 3 ], [ 4, 2 ], [ 4, 1 ], [ 3, 1 ], [ 3, 0 ], [ 4, 0 ], [ 5, 0 ], [ 5, 1 ], [ 5, 2 ], [ 5, 3 ], [ 5, 4 ], [ 4, 4 ], [ 4, 5 ], [ 3, 5 ], [ 3, 4 ], [ 2, 4 ], [ 2, 5 ], [ 1, 5 ], [ 0, 5 ], [ 0, 4 ], [ 0, 3 ], [ 0, 2 ], [ 0, 1 ], [ 0, 0 ] ]
}, {
index: 44,
layout: [ "111011", "101112", "011111", "111111", "111011", "111111" ],
path: [ [ 1, 5 ], [ 0, 5 ], [ 0, 4 ], [ 1, 4 ], [ 2, 4 ], [ 2, 5 ], [ 3, 5 ], [ 3, 4 ], [ 4, 4 ], [ 4, 5 ], [ 5, 5 ], [ 5, 4 ], [ 5, 3 ], [ 5, 2 ], [ 4, 2 ], [ 4, 1 ], [ 5, 1 ], [ 5, 0 ], [ 4, 0 ], [ 3, 0 ], [ 3, 1 ], [ 2, 1 ], [ 2, 2 ], [ 3, 2 ], [ 3, 3 ], [ 2, 3 ], [ 1, 3 ], [ 1, 2 ], [ 0, 2 ], [ 0, 1 ], [ 0, 0 ], [ 1, 0 ] ]
}, {
index: 45,
layout: [ "111101", "111211", "111110", "011011", "111111", "111111" ],
path: [ [ 1, 3 ], [ 0, 3 ], [ 0, 2 ], [ 1, 2 ], [ 1, 1 ], [ 0, 1 ], [ 0, 0 ], [ 1, 0 ], [ 2, 0 ], [ 2, 1 ], [ 3, 1 ], [ 4, 1 ], [ 4, 0 ], [ 5, 0 ], [ 5, 1 ], [ 5, 2 ], [ 5, 3 ], [ 5, 4 ], [ 5, 5 ], [ 4, 5 ], [ 3, 5 ], [ 3, 4 ], [ 4, 4 ], [ 4, 3 ], [ 4, 2 ], [ 3, 2 ], [ 2, 2 ], [ 2, 3 ], [ 2, 4 ], [ 1, 4 ], [ 1, 5 ], [ 0, 5 ] ]
}, {
index: 46,
layout: [ "111111", "211111", "111111", "111110", "101111", "001111" ],
path: [ [ 1, 0 ], [ 0, 0 ], [ 0, 1 ], [ 1, 1 ], [ 1, 2 ], [ 0, 2 ], [ 0, 3 ], [ 1, 3 ], [ 1, 4 ], [ 0, 4 ], [ 0, 5 ], [ 1, 5 ], [ 2, 5 ], [ 2, 4 ], [ 3, 4 ], [ 4, 4 ], [ 4, 5 ], [ 5, 5 ], [ 5, 4 ], [ 5, 3 ], [ 5, 2 ], [ 4, 2 ], [ 4, 3 ], [ 3, 3 ], [ 2, 3 ], [ 2, 2 ], [ 3, 2 ], [ 3, 1 ], [ 2, 1 ], [ 2, 0 ], [ 3, 0 ], [ 4, 0 ] ]
}, {
index: 47,
layout: [ "111101", "110111", "111110", "111111", "111101", "111211" ],
path: [ [ 5, 3 ], [ 5, 4 ], [ 5, 5 ], [ 4, 5 ], [ 3, 5 ], [ 3, 4 ], [ 2, 4 ], [ 2, 3 ], [ 2, 2 ], [ 3, 2 ], [ 3, 3 ], [ 4, 3 ], [ 4, 2 ], [ 5, 2 ], [ 5, 1 ], [ 5, 0 ], [ 4, 0 ], [ 4, 1 ], [ 3, 1 ], [ 3, 0 ], [ 2, 0 ], [ 2, 1 ], [ 1, 1 ], [ 1, 0 ], [ 0, 0 ], [ 0, 1 ], [ 0, 2 ], [ 0, 3 ], [ 1, 3 ], [ 1, 4 ], [ 1, 5 ], [ 0, 5 ] ]
}, {
index: 48,
layout: [ "111111", "011111", "111101", "101121", "111111", "110111" ],
path: [ [ 3, 4 ], [ 4, 4 ], [ 4, 3 ], [ 5, 3 ], [ 5, 4 ], [ 5, 5 ], [ 4, 5 ], [ 3, 5 ], [ 2, 5 ], [ 1, 5 ], [ 0, 5 ], [ 0, 4 ], [ 1, 4 ], [ 1, 3 ], [ 0, 3 ], [ 0, 2 ], [ 1, 2 ], [ 2, 2 ], [ 2, 3 ], [ 3, 3 ], [ 3, 2 ], [ 4, 2 ], [ 4, 1 ], [ 5, 1 ], [ 5, 0 ], [ 4, 0 ], [ 3, 0 ], [ 2, 0 ], [ 2, 1 ], [ 1, 1 ], [ 0, 1 ], [ 0, 0 ] ]
}, {
index: 49,
layout: [ "111011", "111111", "111121", "111111", "101101", "101111" ],
path: [ [ 2, 4 ], [ 3, 4 ], [ 3, 3 ], [ 4, 3 ], [ 4, 2 ], [ 5, 2 ], [ 5, 3 ], [ 5, 4 ], [ 5, 5 ], [ 4, 5 ], [ 3, 5 ], [ 2, 5 ], [ 1, 5 ], [ 0, 5 ], [ 0, 4 ], [ 1, 4 ], [ 1, 3 ], [ 2, 3 ], [ 2, 2 ], [ 3, 2 ], [ 3, 1 ], [ 2, 1 ], [ 1, 1 ], [ 1, 2 ], [ 0, 2 ], [ 0, 1 ], [ 0, 0 ], [ 1, 0 ], [ 2, 0 ], [ 3, 0 ], [ 4, 0 ], [ 5, 0 ] ]
}, {
index: 50,
layout: [ "111111", "111111", "101201", "011011", "111111", "111111" ],
path: [ [ 2, 3 ], [ 2, 2 ], [ 3, 2 ], [ 3, 1 ], [ 4, 1 ], [ 4, 0 ], [ 5, 0 ], [ 5, 1 ], [ 5, 2 ], [ 4, 2 ], [ 4, 3 ], [ 5, 3 ], [ 5, 4 ], [ 5, 5 ], [ 4, 5 ], [ 4, 4 ], [ 3, 4 ], [ 3, 5 ], [ 2, 5 ], [ 1, 5 ], [ 0, 5 ], [ 0, 4 ], [ 1, 4 ], [ 1, 3 ], [ 0, 3 ], [ 0, 2 ], [ 1, 2 ], [ 1, 1 ], [ 0, 1 ], [ 0, 0 ], [ 1, 0 ], [ 2, 0 ] ]
}, {
index: 51,
layout: [ "010111", "111111", "111111", "110111", "111121", "011111" ],
path: [ [ 4, 4 ], [ 3, 4 ], [ 3, 3 ], [ 2, 3 ], [ 2, 2 ], [ 1, 2 ], [ 1, 3 ], [ 0, 3 ], [ 0, 4 ], [ 0, 5 ], [ 1, 5 ], [ 1, 4 ], [ 2, 4 ], [ 2, 5 ], [ 3, 5 ], [ 4, 5 ], [ 5, 5 ], [ 5, 4 ], [ 5, 3 ], [ 4, 3 ], [ 4, 2 ], [ 5, 2 ], [ 5, 1 ], [ 4, 1 ], [ 4, 0 ], [ 3, 0 ], [ 3, 1 ], [ 2, 1 ], [ 2, 0 ], [ 1, 0 ], [ 1, 1 ], [ 0, 1 ] ]
}, {
index: 52,
layout: [ "111111", "002111", "111110", "101111", "111111", "111111" ],
path: [ [ 1, 2 ], [ 1, 3 ], [ 2, 3 ], [ 3, 3 ], [ 3, 2 ], [ 2, 2 ], [ 2, 1 ], [ 2, 0 ], [ 3, 0 ], [ 4, 0 ], [ 5, 0 ], [ 5, 1 ], [ 4, 1 ], [ 4, 2 ], [ 5, 2 ], [ 5, 3 ], [ 4, 3 ], [ 4, 4 ], [ 5, 4 ], [ 5, 5 ], [ 4, 5 ], [ 3, 5 ], [ 3, 4 ], [ 2, 4 ], [ 1, 4 ], [ 1, 5 ], [ 0, 5 ], [ 0, 4 ], [ 0, 3 ], [ 0, 2 ], [ 0, 1 ], [ 0, 0 ] ]
}, {
index: 53,
layout: [ "111101", "111111", "211011", "110110", "111111", "111111" ],
path: [ [ 2, 0 ], [ 3, 0 ], [ 4, 0 ], [ 5, 0 ], [ 5, 1 ], [ 5, 2 ], [ 5, 3 ], [ 5, 4 ], [ 5, 5 ], [ 4, 5 ], [ 4, 4 ], [ 3, 4 ], [ 3, 3 ], [ 4, 3 ], [ 4, 2 ], [ 4, 1 ], [ 3, 1 ], [ 2, 1 ], [ 2, 2 ], [ 1, 2 ], [ 1, 1 ], [ 1, 0 ], [ 0, 0 ], [ 0, 1 ], [ 0, 2 ], [ 0, 3 ], [ 1, 3 ], [ 1, 4 ], [ 2, 4 ], [ 2, 5 ], [ 1, 5 ], [ 0, 5 ] ]
}, {
index: 54,
layout: [ "111111", "111111", "111111", "011110", "110211", "011111" ],
path: [ [ 4, 3 ], [ 3, 3 ], [ 2, 3 ], [ 2, 2 ], [ 3, 2 ], [ 3, 1 ], [ 2, 1 ], [ 2, 0 ], [ 1, 0 ], [ 0, 0 ], [ 0, 1 ], [ 1, 1 ], [ 1, 2 ], [ 0, 2 ], [ 0, 3 ], [ 1, 3 ], [ 1, 4 ], [ 0, 4 ], [ 0, 5 ], [ 1, 5 ], [ 2, 5 ], [ 2, 4 ], [ 3, 4 ], [ 4, 4 ], [ 4, 5 ], [ 5, 5 ], [ 5, 4 ], [ 5, 3 ], [ 5, 2 ], [ 5, 1 ], [ 4, 1 ], [ 4, 0 ] ]
}, {
index: 55,
layout: [ "111111", "111011", "112111", "111101", "101111", "101111" ],
path: [ [ 2, 2 ], [ 2, 3 ], [ 3, 3 ], [ 3, 2 ], [ 4, 2 ], [ 5, 2 ], [ 5, 3 ], [ 4, 3 ], [ 4, 4 ], [ 5, 4 ], [ 5, 5 ], [ 4, 5 ], [ 3, 5 ], [ 2, 5 ], [ 2, 4 ], [ 1, 4 ], [ 1, 5 ], [ 0, 5 ], [ 0, 4 ], [ 0, 3 ], [ 0, 2 ], [ 1, 2 ], [ 1, 1 ], [ 0, 1 ], [ 0, 0 ], [ 1, 0 ], [ 2, 0 ], [ 2, 1 ], [ 3, 1 ], [ 3, 0 ], [ 4, 0 ], [ 5, 0 ] ]
}, {
index: 56,
layout: [ "121111", "111111", "111111", "011110", "111111", "001111" ],
path: [ [ 0, 1 ], [ 0, 0 ], [ 1, 0 ], [ 2, 0 ], [ 2, 1 ], [ 1, 1 ], [ 1, 2 ], [ 0, 2 ], [ 0, 3 ], [ 1, 3 ], [ 1, 4 ], [ 0, 4 ], [ 0, 5 ], [ 1, 5 ], [ 2, 5 ], [ 2, 4 ], [ 3, 4 ], [ 4, 4 ], [ 4, 5 ], [ 5, 5 ], [ 5, 4 ], [ 5, 3 ], [ 5, 2 ], [ 4, 2 ], [ 4, 3 ], [ 3, 3 ], [ 2, 3 ], [ 2, 2 ], [ 3, 2 ], [ 3, 1 ], [ 4, 1 ], [ 4, 0 ] ]
}, {
index: 57,
layout: [ "110111", "111111", "111111", "121101", "101111", "101111" ],
path: [ [ 3, 1 ], [ 2, 1 ], [ 2, 2 ], [ 2, 3 ], [ 3, 3 ], [ 3, 2 ], [ 4, 2 ], [ 5, 2 ], [ 5, 3 ], [ 4, 3 ], [ 4, 4 ], [ 5, 4 ], [ 5, 5 ], [ 4, 5 ], [ 3, 5 ], [ 2, 5 ], [ 2, 4 ], [ 1, 4 ], [ 1, 5 ], [ 0, 5 ], [ 0, 4 ], [ 0, 3 ], [ 1, 3 ], [ 1, 2 ], [ 1, 1 ], [ 0, 1 ], [ 0, 0 ], [ 1, 0 ], [ 2, 0 ], [ 3, 0 ], [ 4, 0 ], [ 5, 0 ] ]
}, {
index: 58,
layout: [ "111010", "111011", "011111", "111111", "111112", "111111" ],
path: [ [ 4, 5 ], [ 5, 5 ], [ 5, 4 ], [ 4, 4 ], [ 4, 3 ], [ 5, 3 ], [ 5, 2 ], [ 4, 2 ], [ 4, 1 ], [ 5, 1 ], [ 5, 0 ], [ 4, 0 ], [ 3, 0 ], [ 3, 1 ], [ 2, 1 ], [ 1, 1 ], [ 1, 0 ], [ 0, 0 ], [ 0, 1 ], [ 0, 2 ], [ 1, 2 ], [ 2, 2 ], [ 3, 2 ], [ 3, 3 ], [ 2, 3 ], [ 2, 4 ], [ 3, 4 ], [ 3, 5 ], [ 2, 5 ], [ 1, 5 ], [ 1, 4 ], [ 0, 4 ] ]
}, {
index: 59,
layout: [ "101111", "111021", "111111", "111110", "111111", "011111" ],
path: [ [ 1, 4 ], [ 2, 4 ], [ 2, 5 ], [ 1, 5 ], [ 0, 5 ], [ 0, 4 ], [ 0, 3 ], [ 0, 2 ], [ 1, 2 ], [ 1, 1 ], [ 2, 1 ], [ 3, 1 ], [ 3, 2 ], [ 2, 2 ], [ 2, 3 ], [ 3, 3 ], [ 3, 4 ], [ 4, 4 ], [ 4, 5 ], [ 5, 5 ], [ 5, 4 ], [ 5, 3 ], [ 4, 3 ], [ 4, 2 ], [ 5, 2 ], [ 5, 1 ], [ 4, 1 ], [ 4, 0 ], [ 3, 0 ], [ 2, 0 ], [ 1, 0 ], [ 0, 0 ] ]
}, {
index: 60,
layout: [ "100111", "111111", "011111", "111111", "111111", "012111" ],
path: [ [ 5, 2 ], [ 5, 1 ], [ 4, 1 ], [ 4, 0 ], [ 3, 0 ], [ 3, 1 ], [ 2, 1 ], [ 2, 2 ], [ 2, 3 ], [ 3, 3 ], [ 3, 2 ], [ 4, 2 ], [ 4, 3 ], [ 5, 3 ], [ 5, 4 ], [ 5, 5 ], [ 4, 5 ], [ 4, 4 ], [ 3, 4 ], [ 3, 5 ], [ 2, 5 ], [ 2, 4 ], [ 1, 4 ], [ 1, 5 ], [ 0, 5 ], [ 0, 4 ], [ 0, 3 ], [ 1, 3 ], [ 1, 2 ], [ 1, 1 ], [ 1, 0 ], [ 0, 0 ] ]
}, {
index: 61,
layout: [ "201111", "111111", "111110", "111111", "111101", "101111" ],
path: [ [ 0, 0 ], [ 1, 0 ], [ 1, 1 ], [ 1, 2 ], [ 0, 2 ], [ 0, 3 ], [ 0, 4 ], [ 0, 5 ], [ 1, 5 ], [ 1, 4 ], [ 1, 3 ], [ 2, 3 ], [ 2, 4 ], [ 3, 4 ], [ 3, 5 ], [ 4, 5 ], [ 5, 5 ], [ 5, 4 ], [ 5, 3 ], [ 5, 2 ], [ 4, 2 ], [ 4, 3 ], [ 3, 3 ], [ 3, 2 ], [ 2, 2 ], [ 2, 1 ], [ 2, 0 ], [ 3, 0 ], [ 3, 1 ], [ 4, 1 ], [ 4, 0 ], [ 5, 0 ] ]
}, {
index: 62,
layout: [ "011101", "111101", "111111", "111111", "111111", "120111" ],
path: [ [ 5, 1 ], [ 5, 0 ], [ 4, 0 ], [ 3, 0 ], [ 2, 0 ], [ 1, 0 ], [ 1, 1 ], [ 0, 1 ], [ 0, 2 ], [ 0, 3 ], [ 1, 3 ], [ 1, 2 ], [ 2, 2 ], [ 2, 1 ], [ 3, 1 ], [ 4, 1 ], [ 4, 2 ], [ 3, 2 ], [ 3, 3 ], [ 2, 3 ], [ 2, 4 ], [ 3, 4 ], [ 4, 4 ], [ 4, 3 ], [ 5, 3 ], [ 5, 4 ], [ 5, 5 ], [ 4, 5 ], [ 3, 5 ], [ 2, 5 ], [ 1, 5 ], [ 0, 5 ] ]
}, {
index: 63,
layout: [ "111111", "110112", "111111", "111101", "111101", "101111" ],
path: [ [ 1, 5 ], [ 0, 5 ], [ 0, 4 ], [ 1, 4 ], [ 2, 4 ], [ 2, 5 ], [ 3, 5 ], [ 4, 5 ], [ 5, 5 ], [ 5, 4 ], [ 5, 3 ], [ 5, 2 ], [ 4, 2 ], [ 4, 3 ], [ 3, 3 ], [ 3, 2 ], [ 2, 2 ], [ 2, 3 ], [ 1, 3 ], [ 0, 3 ], [ 0, 2 ], [ 0, 1 ], [ 0, 0 ], [ 1, 0 ], [ 1, 1 ], [ 2, 1 ], [ 2, 0 ], [ 3, 0 ], [ 3, 1 ], [ 4, 1 ], [ 4, 0 ], [ 5, 0 ] ]
}, {
index: 64,
layout: [ "111111", "111201", "101111", "111111", "111101", "101111" ],
path: [ [ 1, 3 ], [ 2, 3 ], [ 2, 2 ], [ 3, 2 ], [ 3, 3 ], [ 4, 3 ], [ 4, 2 ], [ 5, 2 ], [ 5, 3 ], [ 5, 4 ], [ 5, 5 ], [ 4, 5 ], [ 3, 5 ], [ 3, 4 ], [ 2, 4 ], [ 2, 5 ], [ 1, 5 ], [ 0, 5 ], [ 0, 4 ], [ 0, 3 ], [ 0, 2 ], [ 1, 2 ], [ 1, 1 ], [ 0, 1 ], [ 0, 0 ], [ 1, 0 ], [ 2, 0 ], [ 3, 0 ], [ 3, 1 ], [ 4, 1 ], [ 4, 0 ], [ 5, 0 ] ]
}, {
index: 65,
layout: [ "111110", "211011", "111110", "101111", "111111", "111111" ],
path: [ [ 1, 0 ], [ 0, 0 ], [ 0, 1 ], [ 1, 1 ], [ 2, 1 ], [ 2, 0 ], [ 3, 0 ], [ 4, 0 ], [ 5, 0 ], [ 5, 1 ], [ 4, 1 ], [ 4, 2 ], [ 5, 2 ], [ 5, 3 ], [ 4, 3 ], [ 4, 4 ], [ 5, 4 ], [ 5, 5 ], [ 4, 5 ], [ 3, 5 ], [ 3, 4 ], [ 2, 4 ], [ 2, 3 ], [ 3, 3 ], [ 3, 2 ], [ 2, 2 ], [ 1, 2 ], [ 0, 2 ], [ 0, 3 ], [ 0, 4 ], [ 1, 4 ], [ 1, 5 ] ]
}, {
index: 66,
layout: [ "111110", "101111", "011011", "111111", "111121", "111111" ],
path: [ [ 4, 4 ], [ 4, 3 ], [ 3, 3 ], [ 3, 2 ], [ 2, 2 ], [ 2, 1 ], [ 3, 1 ], [ 3, 0 ], [ 4, 0 ], [ 5, 0 ], [ 5, 1 ], [ 4, 1 ], [ 4, 2 ], [ 5, 2 ], [ 5, 3 ], [ 5, 4 ], [ 5, 5 ], [ 4, 5 ], [ 3, 5 ], [ 3, 4 ], [ 2, 4 ], [ 2, 5 ], [ 1, 5 ], [ 1, 4 ], [ 0, 4 ], [ 0, 3 ], [ 1, 3 ], [ 1, 2 ], [ 0, 2 ], [ 0, 1 ], [ 0, 0 ], [ 1, 0 ] ]
}, {
index: 67,
layout: [ "111111", "112111", "011110", "111101", "111111", "111110" ],
path: [ [ 1, 2 ], [ 1, 3 ], [ 2, 3 ], [ 2, 4 ], [ 1, 4 ], [ 1, 5 ], [ 0, 5 ], [ 0, 4 ], [ 0, 3 ], [ 0, 2 ], [ 0, 1 ], [ 0, 0 ], [ 1, 0 ], [ 1, 1 ], [ 2, 1 ], [ 2, 2 ], [ 3, 2 ], [ 3, 3 ], [ 4, 3 ], [ 4, 2 ], [ 4, 1 ], [ 3, 1 ], [ 3, 0 ], [ 4, 0 ], [ 5, 0 ], [ 5, 1 ], [ 5, 2 ], [ 5, 3 ], [ 5, 4 ], [ 4, 4 ], [ 4, 5 ], [ 3, 5 ] ]
}, {
index: 68,
layout: [ "111111", "111101", "211011", "111111", "011101", "111111" ],
path: [ [ 2, 0 ], [ 3, 0 ], [ 3, 1 ], [ 4, 1 ], [ 4, 2 ], [ 4, 3 ], [ 3, 3 ], [ 3, 2 ], [ 2, 2 ], [ 2, 1 ], [ 1, 1 ], [ 1, 0 ], [ 0, 0 ], [ 0, 1 ], [ 0, 2 ], [ 1, 2 ], [ 1, 3 ], [ 0, 3 ], [ 0, 4 ], [ 0, 5 ], [ 1, 5 ], [ 2, 5 ], [ 2, 4 ], [ 3, 4 ], [ 3, 5 ], [ 4, 5 ], [ 5, 5 ], [ 5, 4 ], [ 5, 3 ], [ 5, 2 ], [ 5, 1 ], [ 5, 0 ] ]
}, {
index: 69,
layout: [ "111010", "111111", "111111", "111111", "110201", "111111" ],
path: [ [ 4, 3 ], [ 3, 3 ], [ 3, 2 ], [ 2, 2 ], [ 2, 3 ], [ 1, 3 ], [ 1, 2 ], [ 0, 2 ], [ 0, 1 ], [ 0, 0 ], [ 1, 0 ], [ 1, 1 ], [ 2, 1 ], [ 2, 0 ], [ 3, 0 ], [ 3, 1 ], [ 4, 1 ], [ 4, 0 ], [ 5, 0 ], [ 5, 1 ], [ 5, 2 ], [ 5, 3 ], [ 5, 4 ], [ 5, 5 ], [ 4, 5 ], [ 3, 5 ], [ 3, 4 ], [ 2, 4 ], [ 2, 5 ], [ 1, 5 ], [ 1, 4 ], [ 0, 4 ] ]
}, {
index: 70,
layout: [ "111111", "111111", "112111", "110110", "111101", "110111" ],
path: [ [ 2, 2 ], [ 2, 3 ], [ 3, 3 ], [ 3, 4 ], [ 2, 4 ], [ 2, 5 ], [ 1, 5 ], [ 0, 5 ], [ 0, 4 ], [ 1, 4 ], [ 1, 3 ], [ 0, 3 ], [ 0, 2 ], [ 1, 2 ], [ 1, 1 ], [ 0, 1 ], [ 0, 0 ], [ 1, 0 ], [ 2, 0 ], [ 2, 1 ], [ 3, 1 ], [ 3, 0 ], [ 4, 0 ], [ 5, 0 ], [ 5, 1 ], [ 4, 1 ], [ 4, 2 ], [ 4, 3 ], [ 5, 3 ], [ 5, 4 ], [ 5, 5 ], [ 4, 5 ] ]
}, {
index: 71,
layout: [ "111111", "011011", "111111", "111211", "111111", "011111" ],
path: [ [ 3, 3 ], [ 2, 3 ], [ 2, 2 ], [ 3, 2 ], [ 3, 1 ], [ 2, 1 ], [ 2, 0 ], [ 3, 0 ], [ 4, 0 ], [ 4, 1 ], [ 5, 1 ], [ 5, 2 ], [ 4, 2 ], [ 4, 3 ], [ 5, 3 ], [ 5, 4 ], [ 5, 5 ], [ 4, 5 ], [ 4, 4 ], [ 3, 4 ], [ 3, 5 ], [ 2, 5 ], [ 2, 4 ], [ 1, 4 ], [ 1, 5 ], [ 0, 5 ], [ 0, 4 ], [ 0, 3 ], [ 0, 2 ], [ 1, 2 ], [ 1, 1 ], [ 0, 1 ], [ 0, 0 ] ]
}, {
index: 72,
layout: [ "111011", "111121", "111111", "111111", "111101", "101111" ],
path: [ [ 1, 4 ], [ 0, 4 ], [ 0, 5 ], [ 1, 5 ], [ 2, 5 ], [ 2, 4 ], [ 3, 4 ], [ 3, 5 ], [ 4, 5 ], [ 5, 5 ], [ 5, 4 ], [ 5, 3 ], [ 5, 2 ], [ 4, 2 ], [ 4, 3 ], [ 3, 3 ], [ 3, 2 ], [ 2, 2 ], [ 2, 3 ], [ 1, 3 ], [ 1, 2 ], [ 0, 2 ], [ 0, 1 ], [ 0, 0 ], [ 1, 0 ], [ 1, 1 ], [ 2, 1 ], [ 2, 0 ], [ 3, 0 ], [ 3, 1 ], [ 4, 1 ], [ 4, 0 ], [ 5, 0 ] ]
}, {
index: 73,
layout: [ "111111", "110111", "111111", "111110", "111101", "211111" ],
path: [ [ 5, 0 ], [ 4, 0 ], [ 3, 0 ], [ 2, 0 ], [ 2, 1 ], [ 1, 1 ], [ 1, 0 ], [ 0, 0 ], [ 0, 1 ], [ 0, 2 ], [ 0, 3 ], [ 1, 3 ], [ 1, 4 ], [ 0, 4 ], [ 0, 5 ], [ 1, 5 ], [ 2, 5 ], [ 2, 4 ], [ 3, 4 ], [ 3, 3 ], [ 2, 3 ], [ 2, 2 ], [ 3, 2 ], [ 3, 1 ], [ 4, 1 ], [ 5, 1 ], [ 5, 2 ], [ 4, 2 ], [ 4, 3 ], [ 5, 3 ], [ 5, 4 ], [ 5, 5 ], [ 4, 5 ] ]
}, {
index: 74,
layout: [ "111121", "111111", "111111", "011110", "101111", "111111" ],
path: [ [ 0, 4 ], [ 0, 5 ], [ 1, 5 ], [ 2, 5 ], [ 2, 4 ], [ 1, 4 ], [ 1, 3 ], [ 0, 3 ], [ 0, 2 ], [ 1, 2 ], [ 1, 1 ], [ 0, 1 ], [ 0, 0 ], [ 1, 0 ], [ 2, 0 ], [ 2, 1 ], [ 3, 1 ], [ 3, 2 ], [ 2, 2 ], [ 2, 3 ], [ 3, 3 ], [ 3, 4 ], [ 4, 4 ], [ 4, 5 ], [ 5, 5 ], [ 5, 4 ], [ 5, 3 ], [ 4, 3 ], [ 4, 2 ], [ 5, 2 ], [ 5, 1 ], [ 5, 0 ], [ 4, 0 ] ]
}, {
index: 75,
layout: [ "111211", "111111", "101111", "111110", "111111", "101111" ],
path: [ [ 0, 3 ], [ 0, 2 ], [ 1, 2 ], [ 1, 1 ], [ 0, 1 ], [ 0, 0 ], [ 1, 0 ], [ 2, 0 ], [ 3, 0 ], [ 3, 1 ], [ 3, 2 ], [ 2, 2 ], [ 2, 3 ], [ 1, 3 ], [ 1, 4 ], [ 0, 4 ], [ 0, 5 ], [ 1, 5 ], [ 2, 5 ], [ 2, 4 ], [ 3, 4 ], [ 3, 3 ], [ 4, 3 ], [ 4, 4 ], [ 4, 5 ], [ 5, 5 ], [ 5, 4 ], [ 5, 3 ], [ 5, 2 ], [ 4, 2 ], [ 4, 1 ], [ 4, 0 ], [ 5, 0 ] ]
}, {
index: 76,
layout: [ "111111", "112111", "111111", "011110", "111101", "111111" ],
path: [ [ 1, 2 ], [ 1, 1 ], [ 2, 1 ], [ 2, 0 ], [ 1, 0 ], [ 0, 0 ], [ 0, 1 ], [ 0, 2 ], [ 0, 3 ], [ 1, 3 ], [ 1, 4 ], [ 0, 4 ], [ 0, 5 ], [ 1, 5 ], [ 2, 5 ], [ 2, 4 ], [ 3, 4 ], [ 3, 3 ], [ 2, 3 ], [ 2, 2 ], [ 3, 2 ], [ 3, 1 ], [ 4, 1 ], [ 4, 0 ], [ 5, 0 ], [ 5, 1 ], [ 5, 2 ], [ 4, 2 ], [ 4, 3 ], [ 5, 3 ], [ 5, 4 ], [ 5, 5 ], [ 4, 5 ] ]
}, {
index: 77,
layout: [ "110111", "111111", "111111", "111111", "011211", "110111" ],
path: [ [ 4, 3 ], [ 5, 3 ], [ 5, 4 ], [ 5, 5 ], [ 4, 5 ], [ 4, 4 ], [ 3, 4 ], [ 3, 5 ], [ 2, 5 ], [ 2, 4 ], [ 1, 4 ], [ 1, 5 ], [ 0, 5 ], [ 0, 4 ], [ 0, 3 ], [ 1, 3 ], [ 1, 2 ], [ 1, 1 ], [ 0, 1 ], [ 0, 0 ], [ 1, 0 ], [ 2, 0 ], [ 3, 0 ], [ 3, 1 ], [ 2, 1 ], [ 2, 2 ], [ 2, 3 ], [ 3, 3 ], [ 3, 2 ], [ 4, 2 ], [ 4, 1 ], [ 5, 1 ], [ 5, 0 ] ]
}, {
index: 78,
layout: [ "111011", "011111", "111111", "111110", "111111", "121111" ],
path: [ [ 5, 1 ], [ 5, 0 ], [ 4, 0 ], [ 4, 1 ], [ 4, 2 ], [ 5, 2 ], [ 5, 3 ], [ 5, 4 ], [ 5, 5 ], [ 4, 5 ], [ 4, 4 ], [ 4, 3 ], [ 3, 3 ], [ 3, 4 ], [ 2, 4 ], [ 2, 5 ], [ 1, 5 ], [ 0, 5 ], [ 0, 4 ], [ 1, 4 ], [ 1, 3 ], [ 2, 3 ], [ 2, 2 ], [ 3, 2 ], [ 3, 1 ], [ 3, 0 ], [ 2, 0 ], [ 2, 1 ], [ 1, 1 ], [ 1, 2 ], [ 0, 2 ], [ 0, 1 ], [ 0, 0 ] ]
}, {
index: 79,
layout: [ "111111", "110111", "111111", "112110", "111101", "111111" ],
path: [ [ 3, 2 ], [ 2, 2 ], [ 2, 3 ], [ 3, 3 ], [ 3, 4 ], [ 2, 4 ], [ 2, 5 ], [ 1, 5 ], [ 0, 5 ], [ 0, 4 ], [ 1, 4 ], [ 1, 3 ], [ 0, 3 ], [ 0, 2 ], [ 0, 1 ], [ 0, 0 ], [ 1, 0 ], [ 1, 1 ], [ 2, 1 ], [ 2, 0 ], [ 3, 0 ], [ 3, 1 ], [ 4, 1 ], [ 4, 0 ], [ 5, 0 ], [ 5, 1 ], [ 5, 2 ], [ 4, 2 ], [ 4, 3 ], [ 5, 3 ], [ 5, 4 ], [ 5, 5 ], [ 4, 5 ] ]
}, {
index: 80,
layout: [ "112111", "011111", "111101", "111111", "111111", "110111" ],
path: [ [ 0, 2 ], [ 0, 3 ], [ 1, 3 ], [ 1, 4 ], [ 0, 4 ], [ 0, 5 ], [ 1, 5 ], [ 2, 5 ], [ 3, 5 ], [ 3, 4 ], [ 4, 4 ], [ 4, 5 ], [ 5, 5 ], [ 5, 4 ], [ 5, 3 ], [ 4, 3 ], [ 4, 2 ], [ 4, 1 ], [ 5, 1 ], [ 5, 0 ], [ 4, 0 ], [ 3, 0 ], [ 2, 0 ], [ 2, 1 ], [ 3, 1 ], [ 3, 2 ], [ 3, 3 ], [ 2, 3 ], [ 2, 2 ], [ 1, 2 ], [ 1, 1 ], [ 0, 1 ], [ 0, 0 ] ]
}, {
index: 81,
layout: [ "111101", "111111", "110111", "111121", "111111", "110111" ],
path: [ [ 3, 4 ], [ 4, 4 ], [ 4, 3 ], [ 5, 3 ], [ 5, 4 ], [ 5, 5 ], [ 4, 5 ], [ 3, 5 ], [ 2, 5 ], [ 2, 4 ], [ 2, 3 ], [ 3, 3 ], [ 3, 2 ], [ 4, 2 ], [ 4, 1 ], [ 5, 1 ], [ 5, 0 ], [ 4, 0 ], [ 3, 0 ], [ 3, 1 ], [ 2, 1 ], [ 2, 0 ], [ 1, 0 ], [ 0, 0 ], [ 0, 1 ], [ 1, 1 ], [ 1, 2 ], [ 0, 2 ], [ 0, 3 ], [ 1, 3 ], [ 1, 4 ], [ 1, 5 ], [ 0, 5 ] ]
}, {
index: 82,
layout: [ "111111", "011211", "111111", "111110", "111111", "110111" ],
path: [ [ 1, 3 ], [ 1, 4 ], [ 2, 4 ], [ 2, 5 ], [ 1, 5 ], [ 0, 5 ], [ 0, 4 ], [ 0, 3 ], [ 0, 2 ], [ 1, 2 ], [ 2, 2 ], [ 2, 3 ], [ 3, 3 ], [ 3, 4 ], [ 4, 4 ], [ 4, 5 ], [ 5, 5 ], [ 5, 4 ], [ 5, 3 ], [ 4, 3 ], [ 4, 2 ], [ 3, 2 ], [ 3, 1 ], [ 4, 1 ], [ 5, 1 ], [ 5, 0 ], [ 4, 0 ], [ 3, 0 ], [ 2, 0 ], [ 2, 1 ], [ 1, 1 ], [ 0, 1 ], [ 0, 0 ] ]
}, {
index: 83,
layout: [ "111101", "111111", "111111", "011110", "121111", "111111" ],
path: [ [ 4, 1 ], [ 4, 0 ], [ 5, 0 ], [ 5, 1 ], [ 5, 2 ], [ 4, 2 ], [ 4, 3 ], [ 5, 3 ], [ 5, 4 ], [ 5, 5 ], [ 4, 5 ], [ 4, 4 ], [ 3, 4 ], [ 3, 3 ], [ 2, 3 ], [ 2, 2 ], [ 3, 2 ], [ 3, 1 ], [ 2, 1 ], [ 2, 0 ], [ 1, 0 ], [ 0, 0 ], [ 0, 1 ], [ 1, 1 ], [ 1, 2 ], [ 0, 2 ], [ 0, 3 ], [ 1, 3 ], [ 1, 4 ], [ 2, 4 ], [ 2, 5 ], [ 1, 5 ], [ 0, 5 ] ]
}, {
index: 84,
layout: [ "111111", "021011", "111111", "111111", "111111", "110111" ],
path: [ [ 1, 1 ], [ 1, 2 ], [ 2, 2 ], [ 2, 3 ], [ 3, 3 ], [ 3, 2 ], [ 3, 1 ], [ 2, 1 ], [ 2, 0 ], [ 3, 0 ], [ 4, 0 ], [ 5, 0 ], [ 5, 1 ], [ 4, 1 ], [ 4, 2 ], [ 4, 3 ], [ 5, 3 ], [ 5, 4 ], [ 5, 5 ], [ 4, 5 ], [ 4, 4 ], [ 3, 4 ], [ 3, 5 ], [ 2, 5 ], [ 2, 4 ], [ 1, 4 ], [ 1, 5 ], [ 0, 5 ], [ 0, 4 ], [ 0, 3 ], [ 0, 2 ], [ 0, 1 ], [ 0, 0 ] ]
}, {
index: 85,
layout: [ "111111", "011111", "111011", "111111", "111111", "111210" ],
path: [ [ 5, 3 ], [ 5, 4 ], [ 4, 4 ], [ 4, 5 ], [ 3, 5 ], [ 3, 4 ], [ 2, 4 ], [ 2, 5 ], [ 1, 5 ], [ 0, 5 ], [ 0, 4 ], [ 1, 4 ], [ 1, 3 ], [ 0, 3 ], [ 0, 2 ], [ 1, 2 ], [ 2, 2 ], [ 3, 2 ], [ 3, 3 ], [ 4, 3 ], [ 4, 2 ], [ 5, 2 ], [ 5, 1 ], [ 5, 0 ], [ 4, 0 ], [ 4, 1 ], [ 3, 1 ], [ 3, 0 ], [ 2, 0 ], [ 2, 1 ], [ 1, 1 ], [ 0, 1 ], [ 0, 0 ] ]
}, {
index: 86,
layout: [ "111111", "110111", "111211", "111111", "111111", "101110" ],
path: [ [ 2, 3 ], [ 2, 2 ], [ 3, 2 ], [ 3, 3 ], [ 4, 3 ], [ 4, 2 ], [ 5, 2 ], [ 5, 3 ], [ 5, 4 ], [ 4, 4 ], [ 4, 5 ], [ 3, 5 ], [ 3, 4 ], [ 2, 4 ], [ 2, 5 ], [ 1, 5 ], [ 0, 5 ], [ 0, 4 ], [ 1, 4 ], [ 1, 3 ], [ 0, 3 ], [ 0, 2 ], [ 0, 1 ], [ 0, 0 ], [ 1, 0 ], [ 1, 1 ], [ 2, 1 ], [ 2, 0 ], [ 3, 0 ], [ 3, 1 ], [ 4, 1 ], [ 4, 0 ], [ 5, 0 ] ]
}, {
index: 87,
layout: [ "010111", "111111", "111111", "211111", "111111", "110111" ],
path: [ [ 3, 0 ], [ 4, 0 ], [ 5, 0 ], [ 5, 1 ], [ 4, 1 ], [ 4, 2 ], [ 4, 3 ], [ 5, 3 ], [ 5, 4 ], [ 5, 5 ], [ 4, 5 ], [ 4, 4 ], [ 3, 4 ], [ 3, 5 ], [ 2, 5 ], [ 2, 4 ], [ 1, 4 ], [ 1, 5 ], [ 0, 5 ], [ 0, 4 ], [ 0, 3 ], [ 1, 3 ], [ 1, 2 ], [ 2, 2 ], [ 2, 3 ], [ 3, 3 ], [ 3, 2 ], [ 3, 1 ], [ 2, 1 ], [ 2, 0 ], [ 1, 0 ], [ 1, 1 ], [ 0, 1 ] ]
}, {
index: 88,
layout: [ "111111", "011011", "112111", "111111", "111111", "110111" ],
path: [ [ 2, 2 ], [ 2, 3 ], [ 3, 3 ], [ 3, 2 ], [ 3, 1 ], [ 2, 1 ], [ 2, 0 ], [ 3, 0 ], [ 4, 0 ], [ 5, 0 ], [ 5, 1 ], [ 4, 1 ], [ 4, 2 ], [ 4, 3 ], [ 5, 3 ], [ 5, 4 ], [ 5, 5 ], [ 4, 5 ], [ 4, 4 ], [ 3, 4 ], [ 3, 5 ], [ 2, 5 ], [ 2, 4 ], [ 1, 4 ], [ 1, 5 ], [ 0, 5 ], [ 0, 4 ], [ 0, 3 ], [ 0, 2 ], [ 1, 2 ], [ 1, 1 ], [ 0, 1 ], [ 0, 0 ] ]
}, {
index: 89,
layout: [ "111111", "011111", "111111", "111112", "111101", "011111" ],
path: [ [ 3, 5 ], [ 4, 5 ], [ 5, 5 ], [ 5, 4 ], [ 5, 3 ], [ 4, 3 ], [ 4, 2 ], [ 5, 2 ], [ 5, 1 ], [ 4, 1 ], [ 4, 0 ], [ 3, 0 ], [ 2, 0 ], [ 2, 1 ], [ 3, 1 ], [ 3, 2 ], [ 2, 2 ], [ 2, 3 ], [ 3, 3 ], [ 3, 4 ], [ 2, 4 ], [ 2, 5 ], [ 1, 5 ], [ 0, 5 ], [ 0, 4 ], [ 1, 4 ], [ 1, 3 ], [ 0, 3 ], [ 0, 2 ], [ 1, 2 ], [ 1, 1 ], [ 0, 1 ], [ 0, 0 ] ]
}, {
index: 90,
layout: [ "111111", "111101", "121111", "111111", "111101", "101111" ],
path: [ [ 2, 1 ], [ 1, 1 ], [ 1, 2 ], [ 1, 3 ], [ 2, 3 ], [ 2, 2 ], [ 3, 2 ], [ 3, 3 ], [ 4, 3 ], [ 4, 2 ], [ 5, 2 ], [ 5, 3 ], [ 5, 4 ], [ 5, 5 ], [ 4, 5 ], [ 3, 5 ], [ 3, 4 ], [ 2, 4 ], [ 2, 5 ], [ 1, 5 ], [ 0, 5 ], [ 0, 4 ], [ 0, 3 ], [ 0, 2 ], [ 0, 1 ], [ 0, 0 ], [ 1, 0 ], [ 2, 0 ], [ 3, 0 ], [ 3, 1 ], [ 4, 1 ], [ 4, 0 ], [ 5, 0 ] ]
}, {
index: 91,
layout: [ "121111", "111111", "111111", "110110", "111111", "101111" ],
path: [ [ 0, 1 ], [ 0, 0 ], [ 1, 0 ], [ 1, 1 ], [ 1, 2 ], [ 0, 2 ], [ 0, 3 ], [ 1, 3 ], [ 1, 4 ], [ 0, 4 ], [ 0, 5 ], [ 1, 5 ], [ 2, 5 ], [ 2, 4 ], [ 3, 4 ], [ 4, 4 ], [ 4, 5 ], [ 5, 5 ], [ 5, 4 ], [ 5, 3 ], [ 5, 2 ], [ 4, 2 ], [ 4, 3 ], [ 3, 3 ], [ 2, 3 ], [ 2, 2 ], [ 2, 1 ], [ 2, 0 ], [ 3, 0 ], [ 3, 1 ], [ 4, 1 ], [ 4, 0 ], [ 5, 0 ] ]
}, {
index: 92,
layout: [ "111111", "111011", "111111", "011111", "111121", "011111" ],
path: [ [ 4, 4 ], [ 3, 4 ], [ 3, 3 ], [ 2, 3 ], [ 2, 2 ], [ 3, 2 ], [ 3, 1 ], [ 2, 1 ], [ 2, 0 ], [ 1, 0 ], [ 0, 0 ], [ 0, 1 ], [ 1, 1 ], [ 1, 2 ], [ 0, 2 ], [ 0, 3 ], [ 0, 4 ], [ 0, 5 ], [ 1, 5 ], [ 1, 4 ], [ 2, 4 ], [ 2, 5 ], [ 3, 5 ], [ 4, 5 ], [ 5, 5 ], [ 5, 4 ], [ 5, 3 ], [ 4, 3 ], [ 4, 2 ], [ 5, 2 ], [ 5, 1 ], [ 4, 1 ], [ 4, 0 ] ]
}, {
index: 93,
layout: [ "111011", "211111", "111111", "111111", "011101", "111111" ],
path: [ [ 1, 0 ], [ 0, 0 ], [ 0, 1 ], [ 0, 2 ], [ 1, 2 ], [ 1, 1 ], [ 2, 1 ], [ 2, 0 ], [ 3, 0 ], [ 3, 1 ], [ 4, 1 ], [ 4, 2 ], [ 4, 3 ], [ 3, 3 ], [ 3, 2 ], [ 2, 2 ], [ 2, 3 ], [ 1, 3 ], [ 1, 4 ], [ 0, 4 ], [ 0, 5 ], [ 1, 5 ], [ 2, 5 ], [ 2, 4 ], [ 3, 4 ], [ 3, 5 ], [ 4, 5 ], [ 5, 5 ], [ 5, 4 ], [ 5, 3 ], [ 5, 2 ], [ 5, 1 ], [ 5, 0 ] ]
}, {
index: 94,
layout: [ "111101", "111111", "111111", "011011", "111111", "111121" ],
path: [ [ 5, 4 ], [ 5, 5 ], [ 4, 5 ], [ 4, 4 ], [ 3, 4 ], [ 3, 5 ], [ 2, 5 ], [ 2, 4 ], [ 2, 3 ], [ 2, 2 ], [ 3, 2 ], [ 4, 2 ], [ 4, 3 ], [ 5, 3 ], [ 5, 2 ], [ 5, 1 ], [ 5, 0 ], [ 4, 0 ], [ 4, 1 ], [ 3, 1 ], [ 2, 1 ], [ 2, 0 ], [ 1, 0 ], [ 0, 0 ], [ 0, 1 ], [ 1, 1 ], [ 1, 2 ], [ 0, 2 ], [ 0, 3 ], [ 1, 3 ], [ 1, 4 ], [ 1, 5 ], [ 0, 5 ] ]
}, {
index: 95,
layout: [ "011101", "111111", "111111", "111121", "111111", "011111" ],
path: [ [ 3, 4 ], [ 4, 4 ], [ 4, 3 ], [ 4, 2 ], [ 3, 2 ], [ 3, 3 ], [ 2, 3 ], [ 2, 2 ], [ 1, 2 ], [ 1, 3 ], [ 0, 3 ], [ 0, 2 ], [ 0, 1 ], [ 1, 1 ], [ 1, 0 ], [ 2, 0 ], [ 2, 1 ], [ 3, 1 ], [ 3, 0 ], [ 4, 0 ], [ 4, 1 ], [ 5, 1 ], [ 5, 2 ], [ 5, 3 ], [ 5, 4 ], [ 5, 5 ], [ 4, 5 ], [ 3, 5 ], [ 2, 5 ], [ 2, 4 ], [ 1, 4 ], [ 1, 5 ], [ 0, 5 ] ]
}, {
index: 96,
layout: [ "112111", "011011", "111111", "111111", "111111", "110111" ],
path: [ [ 0, 2 ], [ 0, 3 ], [ 0, 4 ], [ 0, 5 ], [ 1, 5 ], [ 1, 4 ], [ 2, 4 ], [ 2, 5 ], [ 3, 5 ], [ 3, 4 ], [ 4, 4 ], [ 4, 5 ], [ 5, 5 ], [ 5, 4 ], [ 5, 3 ], [ 4, 3 ], [ 4, 2 ], [ 4, 1 ], [ 5, 1 ], [ 5, 0 ], [ 4, 0 ], [ 3, 0 ], [ 2, 0 ], [ 2, 1 ], [ 3, 1 ], [ 3, 2 ], [ 3, 3 ], [ 2, 3 ], [ 2, 2 ], [ 1, 2 ], [ 1, 1 ], [ 0, 1 ], [ 0, 0 ] ]
}, {
index: 97,
layout: [ "101110", "111111", "111111", "111111", "211111", "111110" ],
path: [ [ 4, 0 ], [ 5, 0 ], [ 5, 1 ], [ 5, 2 ], [ 5, 3 ], [ 5, 4 ], [ 4, 4 ], [ 4, 5 ], [ 3, 5 ], [ 3, 4 ], [ 2, 4 ], [ 2, 5 ], [ 1, 5 ], [ 1, 4 ], [ 0, 4 ], [ 0, 3 ], [ 0, 2 ], [ 1, 2 ], [ 1, 3 ], [ 2, 3 ], [ 2, 2 ], [ 3, 2 ], [ 3, 3 ], [ 4, 3 ], [ 4, 2 ], [ 4, 1 ], [ 3, 1 ], [ 3, 0 ], [ 2, 0 ], [ 2, 1 ], [ 1, 1 ], [ 1, 0 ], [ 0, 0 ] ]
}, {
index: 98,
layout: [ "111111", "011111", "111121", "111111", "101101", "111111" ],
path: [ [ 2, 4 ], [ 3, 4 ], [ 3, 3 ], [ 2, 3 ], [ 2, 2 ], [ 3, 2 ], [ 3, 1 ], [ 2, 1 ], [ 2, 0 ], [ 3, 0 ], [ 4, 0 ], [ 5, 0 ], [ 5, 1 ], [ 5, 2 ], [ 4, 2 ], [ 4, 3 ], [ 5, 3 ], [ 5, 4 ], [ 5, 5 ], [ 4, 5 ], [ 3, 5 ], [ 2, 5 ], [ 1, 5 ], [ 0, 5 ], [ 0, 4 ], [ 1, 4 ], [ 1, 3 ], [ 0, 3 ], [ 0, 2 ], [ 1, 2 ], [ 1, 1 ], [ 0, 1 ], [ 0, 0 ] ]
}, {
index: 99,
layout: [ "111101", "101111", "111111", "111111", "111111", "012111" ],
path: [ [ 5, 2 ], [ 5, 1 ], [ 4, 1 ], [ 4, 0 ], [ 3, 0 ], [ 3, 1 ], [ 2, 1 ], [ 2, 0 ], [ 1, 0 ], [ 0, 0 ], [ 0, 1 ], [ 0, 2 ], [ 0, 3 ], [ 1, 3 ], [ 1, 2 ], [ 2, 2 ], [ 2, 3 ], [ 3, 3 ], [ 3, 2 ], [ 4, 2 ], [ 4, 3 ], [ 5, 3 ], [ 5, 4 ], [ 5, 5 ], [ 4, 5 ], [ 4, 4 ], [ 3, 4 ], [ 3, 5 ], [ 2, 5 ], [ 2, 4 ], [ 1, 4 ], [ 1, 5 ], [ 0, 5 ] ]
}, {
index: 100,
layout: [ "111211", "110111", "111111", "111111", "011111", "111110" ],
path: [ [ 0, 3 ], [ 0, 2 ], [ 0, 1 ], [ 0, 0 ], [ 1, 0 ], [ 1, 1 ], [ 2, 1 ], [ 2, 0 ], [ 3, 0 ], [ 3, 1 ], [ 4, 1 ], [ 4, 2 ], [ 4, 3 ], [ 3, 3 ], [ 3, 2 ], [ 2, 2 ], [ 2, 3 ], [ 1, 3 ], [ 1, 4 ], [ 0, 4 ], [ 0, 5 ], [ 1, 5 ], [ 2, 5 ], [ 2, 4 ], [ 3, 4 ], [ 3, 5 ], [ 4, 5 ], [ 4, 4 ], [ 5, 4 ], [ 5, 3 ], [ 5, 2 ], [ 5, 1 ], [ 5, 0 ] ]
}, {